-1.050000000000000044e+00
-1.050000000000000044e+00
-1.050000000000000044e+00
-1.050000000000000044e+00
-1.050000000000000044e+00
-1.050000000000000044e+00
-1.050000000000000044e+00
-1.050000000000000044e+00
-1.050000000000000044e+00
-1.050000000000000044e+00
-1.050000000000000044e+00
-1.050000000000000044e+00
-1.050000000000000044e+00
-1.050000000000000044e+00
-1.050000000000000044e+00
-1.050000000000000044e+00
-1.050000000000000044e+00
-1.050000000000000044e+00
-1.050000000000000044e+00
-1.050000000000000044e+00
-1.050000000000000044e+00
-1.050000000000000044e+00
-1.050000000000000044e+00
-1.050000000000000044e+00
-1.050000000000000044e+00
-1.050000000000000044e+00
-1.050000000000000044e+00
-1.050000000000000044e+00
-1.050000000000000044e+00
-1.050000000000000044e+00
-1.050000000000000044e+00
-1.050000000000000044e+00
-1.050000000000000044e+00
-1.050000000000000044e+00
-1.050000000000000044e+00
-1.050000000000000044e+00
-1.050000000000000044e+00
-1.050000000000000044e+00
-1.050000000000000044e+00
-1.050000000000000044e+00
-1.050000000000000044e+00
-1.050000000000000044e+00
-1.050000000000000044e+00
-1.050000000000000044e+00
-1.050000000000000044e+00
-1.050000000000000044e+00
-1.050000000000000044e+00
-1.050000000000000044e+00
-1.050000000000000044e+00
-1.050000000000000044e+00
-1.050000000000000044e+00
-1.050000000000000044e+00
-1.050000000000000044e+00
-1.050000000000000044e+00
-1.050000000000000044e+00
-1.050000000000000044e+00
-1.050000000000000044e+00
-1.050000000000000044e+00
-1.050000000000000044e+00
-1.050000000000000044e+00
-1.050000000000000044e+00
-1.050000000000000044e+00
-1.050000000000000044e+00
-1.050000000000000044e+00
-1.050000000000000044e+00
-1.050000000000000044e+00
-1.050000000000000044e+00
-1.050000000000000044e+00
-1.050000000000000044e+00
-1.050000000000000044e+00
-1.050000000000000044e+00
-1.050000000000000044e+00
-1.050000000000000044e+00
-1.050000000000000044e+00
-1.050000000000000044e+00
-1.050000000000000044e+00
-1.050000000000000044e+00
-1.050000000000000044e+00
-1.050000000000000044e+00
-1.050000000000000044e+00
-1.050000000000000044e+00
-1.050000000000000044e+00
-1.050000000000000044e+00
-1.050000000000000044e+00
-1.050000000000000044e+00
-1.050000000000000044e+00
-1.050000000000000044e+00
-1.050000000000000044e+00
-1.050000000000000044e+00
-1.050000000000000044e+00
-1.050000000000000044e+00
-1.050000000000000044e+00
-1.050000000000000044e+00
-1.050000000000000044e+00
-1.050000000000000044e+00
-1.050000000000000044e+00
-1.050000000000000044e+00
4.387185733997785858e-02
-1.050000000000000044e+00
4.673023981775210889e-02
4.977167842751763910e-02
4.682450491182288399e-02
-1.050000000000000044e+00
5.538050821626604864e-02
-1.050000000000000044e+00
-1.050000000000000044e+00
4.978395048289090130e-02
4.844001290889490136e-02
3.174549043200574489e-02
6.591359453842075833e-02
8.287183402391312681e-02
-1.050000000000000044e+00
-1.050000000000000044e+00
6.117655826995364171e-02
8.192910423433563682e-02
-1.050000000000000044e+00
-1.050000000000000044e+00
-1.050000000000000044e+00
-1.050000000000000044e+00
6.731412702644778978e-02
9.272977070393256804e-02
-1.050000000000000044e+00
-1.050000000000000044e+00
-1.050000000000000044e+00
-1.050000000000000044e+00
1.027452443471103816e-01
-1.050000000000000044e+00
7.885325211461284567e-02
-1.050000000000000044e+00
8.640005575764407586e-02
1.186877001686141159e-01
1.042908367407031633e-01
9.247290718891759687e-02
1.152065567831013354e-01
9.985569635524586818e-02
7.760704311158915514e-02
6.733094262807397257e-02
7.959019986137146063e-02
7.890569353759202542e-02
9.365166485714053468e-02
1.079036001141011614e-01
7.010760897400226954e-02
9.427297305626651525e-02
2.281994155200232910e-01
9.165661448702469571e-02
9.840443112294745831e-02
7.870696783961410314e-02
9.655071859781112764e-02
8.675719038617595025e-02
9.610201050029720804e-02
9.680719747742305703e-02
9.425724312204898647e-02
9.075409209411501588e-02
8.542649192079894427e-02
8.245487230257232680e-02
7.720888065076263185e-02
-1.050000000000000044e+00
8.069957253640008821e-02
8.129950015825770926e-02
-1.050000000000000044e+00
-1.050000000000000044e+00
-1.050000000000000044e+00
-1.050000000000000044e+00
-1.050000000000000044e+00
-1.050000000000000044e+00
-1.050000000000000044e+00
8.139712109449505351e-02
-1.050000000000000044e+00
-1.050000000000000044e+00
-1.050000000000000044e+00
-1.050000000000000044e+00
-1.050000000000000044e+00
-1.050000000000000044e+00
-1.050000000000000044e+00
-1.050000000000000044e+00
-1.050000000000000044e+00
-1.050000000000000044e+00
-1.050000000000000044e+00
-1.050000000000000044e+00
-1.050000000000000044e+00
-1.050000000000000044e+00
-1.050000000000000044e+00
-1.050000000000000044e+00
-1.050000000000000044e+00
-1.050000000000000044e+00
-1.050000000000000044e+00
-1.050000000000000044e+00
-1.050000000000000044e+00
-1.050000000000000044e+00
-1.050000000000000044e+00
-1.050000000000000044e+00
-1.050000000000000044e+00
-1.050000000000000044e+00
-1.050000000000000044e+00
-1.050000000000000044e+00
-1.050000000000000044e+00
-1.050000000000000044e+00
-1.050000000000000044e+00
-1.050000000000000044e+00
-1.050000000000000044e+00
-1.050000000000000044e+00
-1.050000000000000044e+00
-1.050000000000000044e+00
-1.050000000000000044e+00
-1.050000000000000044e+00
-1.050000000000000044e+00
-1.050000000000000044e+00
-1.050000000000000044e+00
-1.050000000000000044e+00
-1.050000000000000044e+00
-1.050000000000000044e+00
-1.050000000000000044e+00
-1.050000000000000044e+00
-1.050000000000000044e+00
-1.050000000000000044e+00
-1.050000000000000044e+00
-1.050000000000000044e+00
-1.050000000000000044e+00
-1.050000000000000044e+00
-1.050000000000000044e+00
-1.050000000000000044e+00
-1.050000000000000044e+00
-1.050000000000000044e+00
-1.050000000000000044e+00
-1.050000000000000044e+00
-1.050000000000000044e+00
-1.050000000000000044e+00
-1.050000000000000044e+00
-1.050000000000000044e+00
-1.050000000000000044e+00
-1.050000000000000044e+00
-1.050000000000000044e+00
-1.050000000000000044e+00
-1.050000000000000044e+00
-1.050000000000000044e+00
-1.050000000000000044e+00
-1.050000000000000044e+00
-1.050000000000000044e+00
-1.050000000000000044e+00
-1.050000000000000044e+00
6.364825192065715065e-02
-1.050000000000000044e+00
6.016889055173835210e-02
-1.050000000000000044e+00
-1.050000000000000044e+00
-1.050000000000000044e+00
7.127763208715054422e-02
-1.050000000000000044e+00
1.495682901045946867e-01
6.697195591506001355e-02
-1.050000000000000044e+00
4.426118391159916676e-02
7.739902695087870488e-02
4.361616796910706279e-02
5.649715090538538764e-02
-1.050000000000000044e+00
-1.050000000000000044e+00
1.135889617234226157e-01
4.922189865057521874e-02
5.826745490353942014e-02
-1.050000000000000044e+00
-1.050000000000000044e+00
-1.050000000000000044e+00
-1.050000000000000044e+00
5.797720719636443448e-02
1.427686392490292167e-01
1.007558758305870383e-01
1.462796476051819450e-01
1.215096671864706046e-01
9.186407325514932276e-02
9.845153867908715273e-02
1.079693182666538603e-01
9.330625788128324438e-02
8.691688918366345662e-02
1.169214048731025413e-01
1.182957744101698766e-01
1.072886504555545656e-01
9.518579628012893701e-02
9.928057998209802171e-02
8.511404894771175400e-02
1.018264640599294002e-01
1.082137758322548743e-01
1.128475934019318727e-01
8.251284762167157560e-02
8.684357174134008095e-02
9.502108802741891791e-02
1.066993172854550920e-01
9.848009264292527376e-02
9.841419050588084971e-02
1.083319422941068227e-01
9.006834142873007543e-02
1.109882969958888438e-01
8.657292148604894821e-02
7.604738828823673358e-02
-1.050000000000000044e+00
7.848782983865736085e-02
7.460858293581693057e-02
-1.050000000000000044e+00
-1.050000000000000044e+00
-1.050000000000000044e+00
-1.050000000000000044e+00
-1.050000000000000044e+00
-1.050000000000000044e+00
-1.050000000000000044e+00
-1.050000000000000044e+00
-1.050000000000000044e+00
-1.050000000000000044e+00
-1.050000000000000044e+00
-1.050000000000000044e+00
-1.050000000000000044e+00
8.493290994347844902e-02
-1.050000000000000044e+00
-1.050000000000000044e+00
-1.050000000000000044e+00
-1.050000000000000044e+00
-1.050000000000000044e+00
-1.050000000000000044e+00
-1.050000000000000044e+00
-1.050000000000000044e+00
-1.050000000000000044e+00
-1.050000000000000044e+00
-1.050000000000000044e+00
-1.050000000000000044e+00
-1.050000000000000044e+00
-1.050000000000000044e+00
-1.050000000000000044e+00
-1.050000000000000044e+00
-1.050000000000000044e+00
-1.050000000000000044e+00
-1.050000000000000044e+00
-1.050000000000000044e+00
-1.050000000000000044e+00
-1.050000000000000044e+00
-1.050000000000000044e+00
-1.050000000000000044e+00
-1.050000000000000044e+00
-1.050000000000000044e+00
-1.050000000000000044e+00
-1.050000000000000044e+00
-1.050000000000000044e+00
3.309556399654003250e-02
-1.050000000000000044e+00
-1.050000000000000044e+00
-1.050000000000000044e+00
-1.050000000000000044e+00
-1.050000000000000044e+00
-1.050000000000000044e+00
4.770305935534297631e-02
-1.050000000000000044e+00
-1.050000000000000044e+00
-1.050000000000000044e+00
-1.050000000000000044e+00
-1.050000000000000044e+00
-1.050000000000000044e+00
2.955856764072757881e-01
-1.050000000000000044e+00
4.668614113545855454e-02
-1.050000000000000044e+00
5.146252353946335206e-02
3.725691728464956831e-02
4.771495412294592120e-02
4.082797986178353378e-02
5.238181332276644481e-02
4.215837145022192228e-02
3.758838287840433195e-02
4.107197186106650855e-02
3.757217086140587220e-02
4.077870501515678398e-02
4.147599792608043512e-02
3.868918573160196744e-02
3.711188670584967403e-02
4.245585615878922497e-02
4.022897210448691391e-02
4.512370261850400660e-02
5.293271658111747130e-02
4.314056547215362747e-02
5.047068611811274252e-02
4.091757210097148045e-02
-1.050000000000000044e+00
4.627604355638553768e-02
3.981934456484273466e-02
4.649950979400809675e-02
4.297319062597095701e-02
4.231173196760559113e-02
4.152690334397222960e-02
3.461025009016299725e-01
4.802602745210717006e-02
4.185232027867995946e-02
4.761479347676133428e-02
5.191295539434559458e-02
5.085416994745736718e-02
4.938801982198324364e-02
4.331220599540940019e-02
4.600803518313501678e-02
3.514487816367584810e-02
4.210981760350950009e-02
3.642334936412472413e-02
3.625764479722593664e-02
2.670751129388687986e-02
2.893286481402369478e-02
2.710698647593195662e-02
2.517812961157317800e-02
2.633622989514922824e-02
2.815212143435925560e-02
2.245166401762544936e-02
1.726277619555879189e-02
3.860641580991399507e-02
4.199017104827579283e-02
3.659189954651632937e-02
5.207621668191958486e-02
4.510316545195947047e-02
4.081119923632071933e-02
4.445310841920936673e-02
3.983655290248216269e-02
3.941052541709869073e-02
3.810592349328139478e-02
3.214705984560381480e-02
4.297455686570095246e-02
5.496312096029848382e-02
4.108254955085161031e-02
6.094102112814917677e-02
6.244915312248560529e-02
6.135132093276896015e-02
4.684109332273123094e-02
3.320380658618616448e-02
4.170260709455082121e-02
7.920648842600859496e-02
5.856792962436444677e-02
4.546346575789537992e-02
8.421007718110540274e-02
5.209097359110548969e-02
5.067014407738912318e-02
4.846667920807043450e-02
5.638953864479213235e-02
4.797004211013375374e-02
4.689081879946555703e-02
4.592140623333271221e-02
5.360091844534142086e-02
8.602711201647612882e-02
5.626966476147199359e-02
5.591467214147596843e-02
1.834362648027539899e-01
6.418580963651532301e-02
5.457869328903564715e-02
4.974144509238833667e-01
5.898132767828118128e-02
5.980152934155625460e-02
1.007883448483285344e-01
1.197848316851707617e-01
5.226664538621593470e-02
5.566070406514008612e-02
1.225473972114775462e-01
6.732912713843601515e-02
-1.050000000000000044e+00
5.703591805587829994e-02
4.714296110093491032e-02
5.707494451497896470e-02
4.852861393583574046e-02
1.208541083462516819e-01
6.039921244561724523e-02
4.938975676204695325e-02
4.730532646615080716e-02
6.758209443751618528e-02
7.324197659490667978e-02
5.338784873305987833e-02
5.709709077198091287e-02
6.371441471719527239e-02
6.996538884091116350e-02
5.276716291132751979e-02
5.716375399048131273e-02
5.596882046927855597e-02
5.449566040512010545e-02
5.629124585208972187e-02
5.537079864503446219e-02
4.108275206800787727e-02
2.638677439517071732e-02
5.021308188145155033e-02
3.946044448070691602e-02
5.057531601773709168e-02
4.815806641180987030e-02
4.544493355479573699e-02
3.919646170219084902e-02
5.221921319660131205e-02
3.894453439247816395e-02
5.017901233391321852e-02
5.245267650197902448e-02
5.758118094594317365e-02
4.491686734162095990e-02
4.352481978122502149e-02
4.588224640839191903e-02
4.496487740880215217e-02
5.060182483796790698e-02
4.383959641615306491e-02
4.388831999879103107e-02
5.612888502233327054e-02
5.312904705140922973e-02
5.909766822475250730e-02
6.044152687252343087e-02
4.821914001644474895e-02
4.883454607768374783e-02
4.559591351615639720e-02
5.278763430439811083e-02
4.803378546544445626e-02
6.503925078611912103e-02
6.106854366843908477e-02
7.371226466855133885e-02
8.193633167928240923e-02
9.038032262173247011e-02
8.568919451036227652e-02
-1.050000000000000044e+00
9.765787827804216226e-02
1.247354609252820240e-01
8.712234585543340848e-02
-1.050000000000000044e+00
3.427411732168598735e-01
3.111815199078852845e-01
-1.050000000000000044e+00
-1.050000000000000044e+00
-1.050000000000000044e+00
-1.050000000000000044e+00
-1.050000000000000044e+00
-1.050000000000000044e+00
1.562395821953178610e-01
-1.050000000000000044e+00
-1.050000000000000044e+00
-1.050000000000000044e+00
-1.050000000000000044e+00
-1.050000000000000044e+00
-1.050000000000000044e+00
-1.050000000000000044e+00
-1.050000000000000044e+00
-1.050000000000000044e+00
-1.050000000000000044e+00
-1.050000000000000044e+00
-1.050000000000000044e+00
-1.050000000000000044e+00
-1.050000000000000044e+00
-1.050000000000000044e+00
-1.050000000000000044e+00
-1.050000000000000044e+00
-1.050000000000000044e+00
-1.050000000000000044e+00
-1.050000000000000044e+00
-1.050000000000000044e+00
-1.050000000000000044e+00
-1.050000000000000044e+00
2.194382162566988620e-02
-1.050000000000000044e+00
2.647866526829263656e-02
-1.050000000000000044e+00
-1.050000000000000044e+00
-1.050000000000000044e+00
-1.050000000000000044e+00
-1.050000000000000044e+00
-1.050000000000000044e+00
-1.050000000000000044e+00
-1.050000000000000044e+00
-1.050000000000000044e+00
-1.050000000000000044e+00
-1.050000000000000044e+00
-1.050000000000000044e+00
-1.050000000000000044e+00
3.559642541949455813e-02
3.509473733924135114e-02
-1.050000000000000044e+00
-1.050000000000000044e+00
-1.050000000000000044e+00
-1.050000000000000044e+00
3.340577490684962930e-02
-1.050000000000000044e+00
-1.050000000000000044e+00
-1.050000000000000044e+00
-1.050000000000000044e+00
2.856707068724031323e-02
3.461573629277966274e-02
3.409368724606005874e-02
-1.050000000000000044e+00
2.694485949595571556e-02
3.156306072757092407e-02
-1.050000000000000044e+00
3.098512539117441456e-02
2.577161790226526958e-02
7.427897642825309621e-02
7.276063666951132491e-02
5.326900608501940887e-02
-1.050000000000000044e+00
4.797457220384720999e-02
5.282635869466596745e-02
4.967766026722774536e-02
5.647004236600566135e-02
7.108561716059547120e-02
5.526526492251872258e-02
7.169177397033604793e-02
6.802823931732845941e-02
7.116835240629926229e-02
8.183224061819419082e-02
9.660350793188328400e-02
6.984585897481321304e-02
8.637675500314268007e-02
5.336527837522477002e-02
8.350333471991375212e-02
8.368113565606018212e-02
9.177346318705535688e-02
8.402366007435749240e-02
7.514240456860421524e-02
8.049992899248403777e-02
9.126111579193987855e-02
8.480294750103181678e-02
7.463597674790375947e-02
7.599355350200683035e-02
8.232362170571097537e-02
9.226978017295425771e-02
8.065375268695972044e-02
8.923364813400448681e-02
9.607341080071482575e-02
7.002129477667629054e-02
6.122102377374238208e-02
7.620532476787908460e-02
7.915275794369328044e-02
7.231909134278990958e-02
7.758067724907972973e-02
5.860180649295229638e-02
9.498485378260163037e-02
6.921084695535657805e-02
-1.050000000000000044e+00
-1.050000000000000044e+00
8.274399674285816408e-02
7.770568062378488405e-02
7.756433942293466943e-02
-1.050000000000000044e+00
-1.050000000000000044e+00
-1.050000000000000044e+00
1.758772795204538442e-01
7.365535466454337099e-02
-1.050000000000000044e+00
7.830534105591697991e-02
-1.050000000000000044e+00
7.265595004907597632e-02
-1.050000000000000044e+00
-1.050000000000000044e+00
-1.050000000000000044e+00
-1.050000000000000044e+00
-1.050000000000000044e+00
-1.050000000000000044e+00
-1.050000000000000044e+00
-1.050000000000000044e+00
-1.050000000000000044e+00
-1.050000000000000044e+00
-1.050000000000000044e+00
-1.050000000000000044e+00
-1.050000000000000044e+00
-1.050000000000000044e+00
-1.050000000000000044e+00
-1.050000000000000044e+00
-1.050000000000000044e+00
-1.050000000000000044e+00
-1.050000000000000044e+00
-1.050000000000000044e+00
-1.050000000000000044e+00
-1.050000000000000044e+00
-1.050000000000000044e+00
-1.050000000000000044e+00
-1.050000000000000044e+00
-1.050000000000000044e+00
-1.050000000000000044e+00
-1.050000000000000044e+00
-1.050000000000000044e+00
-1.050000000000000044e+00
-1.050000000000000044e+00
-1.050000000000000044e+00
-1.050000000000000044e+00
-1.050000000000000044e+00
-1.050000000000000044e+00
-1.050000000000000044e+00
-1.050000000000000044e+00
-1.050000000000000044e+00
-1.050000000000000044e+00
-1.050000000000000044e+00
-1.050000000000000044e+00
-1.050000000000000044e+00
-1.050000000000000044e+00
-1.050000000000000044e+00
-1.050000000000000044e+00
-1.050000000000000044e+00
-1.050000000000000044e+00
-1.050000000000000044e+00
2.401145222952790620e-02
-1.050000000000000044e+00
6.287395415408625343e-02
-1.050000000000000044e+00
-1.050000000000000044e+00
-1.050000000000000044e+00
-1.050000000000000044e+00
3.900921336374608972e-02
-1.050000000000000044e+00
-1.050000000000000044e+00
-1.050000000000000044e+00
-1.050000000000000044e+00
3.572088616350276025e-02
3.429253569586964562e-02
-1.050000000000000044e+00
-1.050000000000000044e+00
-1.050000000000000044e+00
-1.050000000000000044e+00
-1.050000000000000044e+00
-1.050000000000000044e+00
-1.050000000000000044e+00
-1.050000000000000044e+00
-1.050000000000000044e+00
-1.050000000000000044e+00
-1.050000000000000044e+00
-1.050000000000000044e+00
-1.050000000000000044e+00
-1.050000000000000044e+00
-1.050000000000000044e+00
-1.050000000000000044e+00
-1.050000000000000044e+00
-1.050000000000000044e+00
-1.050000000000000044e+00
-1.050000000000000044e+00
-1.050000000000000044e+00
-1.050000000000000044e+00
-1.050000000000000044e+00
1.366434464766383416e-02
-1.050000000000000044e+00
-1.050000000000000044e+00
-1.050000000000000044e+00
6.394840865958215104e-02
1.274794563830016977e-02
1.778510043165431320e-01
2.653326035808075203e-02
-1.050000000000000044e+00
1.423028901107856702e-02
2.327037375399982830e-02
1.591765867879398610e-01
-1.050000000000000044e+00
-1.050000000000000044e+00
1.458714453816762138e-02
-1.050000000000000044e+00
-1.050000000000000044e+00
-1.050000000000000044e+00
-1.050000000000000044e+00
1.193735184467791324e-02
3.034043040039045153e-02
1.330476686710445333e-02
1.068707912869329771e-02
-1.050000000000000044e+00
1.675847998276843581e-02
1.426008892214389832e-02
-1.050000000000000044e+00
1.025463742352536976e-02
1.432227336318350405e-02
1.383151689805462228e-02
1.049287119786802835e-02
-1.050000000000000044e+00
2.036265573295521075e-02
1.264056034508373970e-02
2.024626840104325545e-02
-1.050000000000000044e+00
2.379358859531730333e-02
2.234568031656019790e-02
3.237238490800385948e-01
-1.050000000000000044e+00
2.841534498040406698e-01
1.361911814502965792e-02
1.576325985116195511e-02
1.396028774828600091e-02
1.393126812544394355e-02
1.604643093372096901e-02
1.381037830075676660e-02
1.272689565879729992e-02
9.501942862929583025e-03
1.325277888950765828e-02
-1.050000000000000044e+00
-1.050000000000000044e+00
1.327531078503884146e-02
-1.050000000000000044e+00
9.360169181999672058e-03
9.241434191327191697e-03
1.588820241674468794e-02
-1.050000000000000044e+00
-1.050000000000000044e+00
1.008397034986987552e-02
-1.050000000000000044e+00
-1.050000000000000044e+00
3.811584561518067526e-03
-1.050000000000000044e+00
1.870701040004121851e-01
-1.050000000000000044e+00
1.143832678360675106e-02
-1.050000000000000044e+00
-1.050000000000000044e+00
-1.050000000000000044e+00
-1.050000000000000044e+00
-1.050000000000000044e+00
-1.050000000000000044e+00
-1.050000000000000044e+00
1.020558288225785655e-02
-1.050000000000000044e+00
-1.050000000000000044e+00
-1.050000000000000044e+00
-1.050000000000000044e+00
-1.050000000000000044e+00
-1.050000000000000044e+00
-1.050000000000000044e+00
-1.050000000000000044e+00
-1.050000000000000044e+00
-1.050000000000000044e+00
-1.050000000000000044e+00
-1.050000000000000044e+00
-1.050000000000000044e+00
-1.050000000000000044e+00
-1.050000000000000044e+00
-1.050000000000000044e+00
-1.050000000000000044e+00
-1.050000000000000044e+00
-1.050000000000000044e+00
-1.050000000000000044e+00
-1.050000000000000044e+00
-1.050000000000000044e+00
-1.050000000000000044e+00
-1.050000000000000044e+00
-1.050000000000000044e+00
-1.050000000000000044e+00
-1.050000000000000044e+00
-1.050000000000000044e+00
-1.050000000000000044e+00
-1.050000000000000044e+00
-1.050000000000000044e+00
-1.050000000000000044e+00
-1.050000000000000044e+00
-1.050000000000000044e+00
-1.050000000000000044e+00
-1.050000000000000044e+00
-1.050000000000000044e+00
-1.050000000000000044e+00
-1.050000000000000044e+00
-1.050000000000000044e+00
-1.050000000000000044e+00
-1.050000000000000044e+00
-1.050000000000000044e+00
-1.050000000000000044e+00
-1.050000000000000044e+00
-1.050000000000000044e+00
-1.050000000000000044e+00
-1.050000000000000044e+00
-1.050000000000000044e+00
-1.050000000000000044e+00
-1.050000000000000044e+00
-1.050000000000000044e+00
-1.050000000000000044e+00
-1.050000000000000044e+00
-1.050000000000000044e+00
-1.050000000000000044e+00
-1.050000000000000044e+00
-1.050000000000000044e+00
-1.050000000000000044e+00
-1.050000000000000044e+00
-1.050000000000000044e+00
-1.050000000000000044e+00
-1.050000000000000044e+00
-1.050000000000000044e+00
-1.050000000000000044e+00
-1.050000000000000044e+00
-1.050000000000000044e+00
-1.050000000000000044e+00
-1.050000000000000044e+00
-1.050000000000000044e+00
-1.050000000000000044e+00
-1.050000000000000044e+00
-1.050000000000000044e+00
-1.050000000000000044e+00
-1.050000000000000044e+00
-1.050000000000000044e+00
-1.050000000000000044e+00
-1.050000000000000044e+00
-1.050000000000000044e+00
-1.050000000000000044e+00
-1.050000000000000044e+00
-1.050000000000000044e+00
-1.050000000000000044e+00
-1.050000000000000044e+00
-1.050000000000000044e+00
-1.050000000000000044e+00
-1.050000000000000044e+00
-1.050000000000000044e+00
-1.050000000000000044e+00
-1.050000000000000044e+00
-1.050000000000000044e+00
-1.050000000000000044e+00
-1.050000000000000044e+00
-1.050000000000000044e+00
-1.050000000000000044e+00
-1.050000000000000044e+00
-1.050000000000000044e+00
-1.050000000000000044e+00
-1.050000000000000044e+00
-1.050000000000000044e+00
-1.050000000000000044e+00
-1.050000000000000044e+00
-1.050000000000000044e+00
-1.050000000000000044e+00
-1.050000000000000044e+00
-1.050000000000000044e+00
-1.050000000000000044e+00
-1.050000000000000044e+00
-1.050000000000000044e+00
-1.050000000000000044e+00
-1.050000000000000044e+00
-1.050000000000000044e+00
-1.050000000000000044e+00
-1.050000000000000044e+00
-1.050000000000000044e+00
-1.050000000000000044e+00
-1.050000000000000044e+00
2.100361213455506984e-02
2.002088951794337227e-02
4.007097299946943414e-02
1.904293306837153213e-02
2.346923268064243437e-02
2.947991881238707507e-02
2.527731690935136610e-02
-1.050000000000000044e+00
-1.050000000000000044e+00
2.465040588554872833e-02
2.151533776634943426e-02
2.716253123153238719e-02
2.352760006630870426e-02
2.547049807862444143e-02
2.819318387142541113e-02
2.560468145005005691e-02
2.498162837886312715e-02
2.558588584217352802e-02
2.679337060810923349e-02
-1.050000000000000044e+00
2.727184401182868728e-02
2.414628206142714617e-02
2.531085325408169093e-02
2.629671605548237340e-02
2.681125205872468553e-02
2.907705327270578011e-02
-1.050000000000000044e+00
3.424117545114723632e-02
-1.050000000000000044e+00
2.579653504524854687e-02
2.962063516770194888e-02
-1.050000000000000044e+00
-1.050000000000000044e+00
-1.050000000000000044e+00
1.819895141556198970e-01
-1.050000000000000044e+00
-1.050000000000000044e+00
-1.050000000000000044e+00
-1.050000000000000044e+00
-1.050000000000000044e+00
-1.050000000000000044e+00
-1.050000000000000044e+00
3.260711523576931975e-02
-1.050000000000000044e+00
3.723802698657036753e-02
3.719238105676822559e-02
4.187179240679692743e-02
3.746176684371017168e-02
4.024525005735845457e-02
3.705051869563181360e-02
3.813184579098602422e-02
4.389396605223055275e-02
-1.050000000000000044e+00
4.339934136511087309e-02
4.349903787822897994e-02
4.383225184101549599e-02
-1.050000000000000044e+00
4.163117007216650400e-02
4.333909564970837847e-02
4.528158388907604914e-02
4.095998142103753764e-02
4.582066316950848123e-02
-1.050000000000000044e+00
3.795715777115252210e-02
4.435586161074766415e-02
3.623495421120376259e-02
3.980922681022072002e-02
1.256608322353660046e-01
3.799306785905898903e-02
3.588145202513148141e-02
3.116555371690390985e-02
3.670020153980049077e-02
3.873696895123517753e-02
3.383379849365488606e-02
3.294647092752740758e-02
3.109083979523342631e-02
3.563572715343416714e-02
3.383685029244792863e-02
3.465186061982689081e-02
4.259507814385463109e-02
1.547671849974458225e-01
3.102818078099990606e-02
3.849861468747371729e-02
-1.050000000000000044e+00
3.318111776087265263e-02
-1.050000000000000044e+00
