-1.000000000000000000e+00
-1.000000000000000000e+00
-1.000000000000000000e+00
-1.000000000000000000e+00
-1.000000000000000000e+00
-1.000000000000000000e+00
-1.000000000000000000e+00
-1.000000000000000000e+00
-1.000000000000000000e+00
-1.000000000000000000e+00
-1.000000000000000000e+00
-1.000000000000000000e+00
-1.000000000000000000e+00
-1.000000000000000000e+00
-1.000000000000000000e+00
-1.000000000000000000e+00
-1.000000000000000000e+00
-1.000000000000000000e+00
-1.000000000000000000e+00
-1.000000000000000000e+00
-1.000000000000000000e+00
-1.000000000000000000e+00
-1.000000000000000000e+00
-1.000000000000000000e+00
-1.000000000000000000e+00
-1.000000000000000000e+00
-1.000000000000000000e+00
-1.000000000000000000e+00
-1.000000000000000000e+00
-1.000000000000000000e+00
-1.000000000000000000e+00
-1.000000000000000000e+00
-1.000000000000000000e+00
-1.000000000000000000e+00
-1.000000000000000000e+00
-1.000000000000000000e+00
-1.000000000000000000e+00
-1.000000000000000000e+00
-1.000000000000000000e+00
-1.000000000000000000e+00
-1.000000000000000000e+00
-1.000000000000000000e+00
-1.000000000000000000e+00
-1.000000000000000000e+00
-1.000000000000000000e+00
-1.000000000000000000e+00
-1.000000000000000000e+00
-1.000000000000000000e+00
-1.000000000000000000e+00
-1.000000000000000000e+00
-1.000000000000000000e+00
-1.000000000000000000e+00
-1.000000000000000000e+00
-1.000000000000000000e+00
-1.000000000000000000e+00
-1.000000000000000000e+00
-1.000000000000000000e+00
-1.000000000000000000e+00
-1.000000000000000000e+00
-1.000000000000000000e+00
-1.000000000000000000e+00
-1.000000000000000000e+00
-1.000000000000000000e+00
-1.000000000000000000e+00
-1.000000000000000000e+00
-1.000000000000000000e+00
-1.000000000000000000e+00
-1.000000000000000000e+00
-1.000000000000000000e+00
-1.000000000000000000e+00
-1.000000000000000000e+00
-1.000000000000000000e+00
-1.000000000000000000e+00
-1.000000000000000000e+00
-1.000000000000000000e+00
-1.000000000000000000e+00
-1.000000000000000000e+00
-1.000000000000000000e+00
-1.000000000000000000e+00
-1.000000000000000000e+00
-1.000000000000000000e+00
-1.000000000000000000e+00
-1.000000000000000000e+00
-1.000000000000000000e+00
-1.000000000000000000e+00
-1.000000000000000000e+00
-1.000000000000000000e+00
-1.000000000000000000e+00
4.644582437801921676e-02
-1.000000000000000000e+00
1.227310375758501326e-01
-1.000000000000000000e+00
-1.000000000000000000e+00
4.225059497853800999e-02
3.950176071686056778e-02
5.777438604060081834e-02
-1.000000000000000000e+00
-1.000000000000000000e+00
6.068362649593395108e-02
3.751616881689612271e-02
5.411360425886731218e-02
4.585354962584831801e-02
3.677626766518364565e-02
8.734825878622445861e-02
3.896558923387456741e-02
3.002996213662020852e-02
4.675428630559777532e-02
7.165899242696474603e-02
4.356773214636985164e-02
5.888375260591231786e-02
4.301493729108420150e-02
3.842063654453980320e-02
3.926373903541341415e-02
7.652810218126622488e-02
-1.000000000000000000e+00
4.019964642377926028e-02
6.674853462810778626e-02
6.379559643430923743e-02
1.131750466279905082e-01
1.008039188835504335e-01
4.767615766986958020e-02
1.112111437411273246e-01
9.881256584904186957e-02
9.504238726502450829e-02
7.046250245591420547e-02
6.338379073208726122e-02
9.906734377714904172e-02
8.206067589428500675e-02
6.648641850897132888e-02
9.151277007374730710e-02
6.442333754147398783e-02
6.139679492069837624e-02
1.225944562844291652e-01
6.872919817591148506e-02
7.783991155657128680e-02
6.470508424233795131e-02
5.224117026665684588e-02
6.197386571621807394e-02
6.682900771716408783e-02
7.175616798461945112e-02
6.899623164790087693e-02
6.879068147098113539e-02
6.591761678776870970e-02
7.190858057333035513e-02
6.988037090405287144e-02
7.702042266227407397e-02
7.798359579182551071e-02
7.556553364631142522e-02
7.893878433785525561e-02
7.854506851792328326e-02
7.898877529291813138e-02
8.116630612146708001e-02
6.945633706477165326e-02
7.036787526300186668e-02
1.054554415514478705e-01
8.091958439208199461e-02
7.163004418739421508e-02
6.917818778274809066e-02
7.629644157350334854e-02
-1.000000000000000000e+00
8.604702398155286702e-02
-1.000000000000000000e+00
8.034685688977917517e-02
-1.000000000000000000e+00
-1.000000000000000000e+00
-1.000000000000000000e+00
-1.000000000000000000e+00
8.488016599842627963e-02
9.326008285504396034e-02
-1.000000000000000000e+00
-1.000000000000000000e+00
6.999304912133882950e-02
9.410521058368449820e-02
-1.000000000000000000e+00
-1.000000000000000000e+00
7.426426663624127733e-02
7.439130903832209818e-02
7.099954999287798330e-02
6.209251406422409969e-02
7.418024168000765528e-02
6.562557773783328496e-02
7.176280786788841182e-02
-1.000000000000000000e+00
-1.000000000000000000e+00
-1.000000000000000000e+00
-1.000000000000000000e+00
6.644741738021425759e-02
-1.000000000000000000e+00
-1.000000000000000000e+00
-1.000000000000000000e+00
-1.000000000000000000e+00
-1.000000000000000000e+00
-1.000000000000000000e+00
-1.000000000000000000e+00
-1.000000000000000000e+00
-1.000000000000000000e+00
-1.000000000000000000e+00
-1.000000000000000000e+00
-1.000000000000000000e+00
-1.000000000000000000e+00
-1.000000000000000000e+00
-1.000000000000000000e+00
-1.000000000000000000e+00
-1.000000000000000000e+00
-1.000000000000000000e+00
-1.000000000000000000e+00
-1.000000000000000000e+00
-1.000000000000000000e+00
-1.000000000000000000e+00
-1.000000000000000000e+00
-1.000000000000000000e+00
-1.000000000000000000e+00
-1.000000000000000000e+00
-1.000000000000000000e+00
-1.000000000000000000e+00
-1.000000000000000000e+00
-1.000000000000000000e+00
-1.000000000000000000e+00
-1.000000000000000000e+00
-1.000000000000000000e+00
-1.000000000000000000e+00
-1.000000000000000000e+00
-1.000000000000000000e+00
-1.000000000000000000e+00
-1.000000000000000000e+00
-1.000000000000000000e+00
-1.000000000000000000e+00
-1.000000000000000000e+00
6.869160790276743200e-02
-1.000000000000000000e+00
-1.000000000000000000e+00
4.882077674001281120e-02
6.474958799656173325e-02
-1.000000000000000000e+00
3.497188345713376362e-02
-1.000000000000000000e+00
5.593049805223454518e-02
8.534058787273295088e-02
5.725505671977085265e-02
4.108343068741129867e-02
6.845440691445622838e-02
8.228250398026862311e-02
7.287552357948058612e-02
5.181975306265409337e-02
9.167657775046150759e-02
6.224577760052212722e-02
5.689557288496588372e-02
5.353739057584350897e-02
6.226243933387465290e-02
5.013072873243951122e-02
5.325448840702233511e-02
3.649625779932895442e-02
3.642282082937529641e-01
5.725987779700129204e-02
7.635898598429566309e-02
7.798732168996570790e-02
7.827718146308770830e-02
7.048802410275388508e-02
6.274828235209839455e-02
9.098105300228584436e-02
5.980630581229434695e-02
6.051448959644906145e-02
2.576156557818926052e-01
1.182496622214884580e-01
1.109738488463921230e-01
1.156227214953618188e-01
8.902289611354234633e-02
9.755588544421749109e-02
7.124223646246348463e-02
5.690912872374961212e-02
7.874304890326593032e-02
7.587362420970888977e-02
1.043874294557143728e-01
7.652542926565097936e-02
5.440794161671856644e-02
5.579368052135488809e-02
8.021746213508877676e-02
7.449090462934124246e-02
7.644702302564687635e-02
9.177500174848809977e-02
7.393328292583867256e-02
7.514239748384148043e-02
7.182508690882442870e-02
7.360977218576031378e-02
6.273607914343465319e-02
7.054018361862507414e-02
7.358544544892549333e-02
7.334235004613746944e-02
7.215833652484512917e-02
7.956054565566035575e-02
6.608394959479763076e-02
6.586838997566642206e-02
7.256578421661849521e-02
6.863706740990023480e-02
6.641543287909365545e-02
7.141510616257198962e-02
6.426206111513399488e-02
5.674804202098219369e-02
5.179767426718637907e-02
6.970548907358743718e-02
-1.000000000000000000e+00
7.418751321924212105e-02
7.546267384045743376e-02
7.460959515544776655e-02
7.808150583747017204e-02
8.423750616802595792e-02
-1.000000000000000000e+00
-1.000000000000000000e+00
-1.000000000000000000e+00
8.343598820592011689e-02
-1.000000000000000000e+00
-1.000000000000000000e+00
-1.000000000000000000e+00
-1.000000000000000000e+00
-1.000000000000000000e+00
-1.000000000000000000e+00
-1.000000000000000000e+00
-1.000000000000000000e+00
-1.000000000000000000e+00
-1.000000000000000000e+00
-1.000000000000000000e+00
-1.000000000000000000e+00
-1.000000000000000000e+00
-1.000000000000000000e+00
-1.000000000000000000e+00
-1.000000000000000000e+00
-1.000000000000000000e+00
-1.000000000000000000e+00
-1.000000000000000000e+00
-1.000000000000000000e+00
-1.000000000000000000e+00
-1.000000000000000000e+00
-1.000000000000000000e+00
6.955288633279796406e-02
-1.000000000000000000e+00
-1.000000000000000000e+00
-1.000000000000000000e+00
-1.000000000000000000e+00
5.028010162594580279e-02
3.916549339057671247e-02
-1.000000000000000000e+00
4.393072903749545982e-02
4.659594334003872712e-02
5.725859927392383530e-02
-1.000000000000000000e+00
6.053769903339484282e-02
4.268328246997253606e-02
5.960219464760442565e-02
5.003149757317330165e-02
6.220228592813187296e-02
5.566820662210159726e-02
5.927594249019693673e-02
5.721965492047787621e-02
5.832214368293718587e-02
5.266771969583235874e-02
6.023208110088048434e-02
6.363621974938106496e-02
5.314340169264074321e-02
5.918663833412322189e-02
5.830413118270206391e-02
5.563914887008758470e-02
6.410315297232686838e-02
5.616814998224521627e-02
5.419996066973513382e-02
5.611993818949097962e-02
5.796504931709934444e-02
5.565894586063076244e-02
5.241522811527679626e-02
5.519496999678764199e-02
4.921349816661689525e-02
5.278893180411731167e-02
4.060990959509714476e-02
4.374456010322741450e-02
4.480765945684619250e-02
4.465132920927837590e-02
4.480471804115827156e-02
4.969732686459219645e-02
4.717227000028705736e-02
4.232822492486085914e-02
4.539160086578841735e-02
4.667379099283049115e-02
4.209209887019129542e-02
3.873954345182571701e-02
4.159517021960022765e-02
4.991130135766578407e-02
4.446053765696736382e-02
5.519107037896921891e-02
5.515383825035358872e-02
5.248666035328116569e-02
5.415099081215530435e-02
5.404956161615365184e-02
5.506729389233135791e-02
6.051656533594779869e-02
5.572482827277840112e-02
5.707546734028243196e-02
5.556953049365685043e-02
4.929017044231373545e-02
5.026130653868569886e-02
4.483321927737533852e-02
4.489642944755819348e-02
3.805626316311128132e-02
4.383259911927057245e-02
4.402283326452230416e-02
3.617051706761559987e-02
4.629733209821911000e-02
4.368306884422031716e-02
5.990547483993229061e-02
6.329869373243007802e-02
5.830352218013400839e-02
6.130120485390654766e-02
6.521540629382623078e-02
6.374865151262797125e-02
5.970750205411995415e-02
6.391321387674493704e-02
6.276256899480256446e-02
5.933162099149081464e-02
6.675147743036020931e-02
7.559386277293046741e-02
7.155586117730970697e-02
6.383126054025363427e-02
6.652659526834014958e-02
7.364214772003839504e-02
6.927209645972562391e-02
6.573401003118532759e-02
6.175125843482022481e-02
5.880491969888641118e-02
5.429274816494622513e-02
5.021080267431836386e-02
5.422182410673870301e-02
4.405015588589714093e-02
4.841588873606686438e-02
4.860218120126452712e-02
5.877582489541294253e-02
5.387419013656617739e-02
6.892033347378234698e-02
4.915409395329482095e-02
6.641538213396284973e-02
6.139071229674042396e-02
4.671439827438349929e-02
5.502685234780679141e-02
6.078597383536562399e-02
5.490431541833836609e-02
7.031152688955212560e-02
5.737654597416032287e-02
6.215577718300991511e-02
7.802286570936546595e-02
6.929209819311807350e-02
1.838438224395587128e-01
7.153036274716101373e-02
7.691869650081958887e-02
7.460894316728843012e-02
3.590456243260962688e-01
6.635624838093354128e-02
9.622634379841657482e-02
1.806702513549248157e-01
8.368628779388412320e-02
9.379247309640836860e-02
8.611087688172362753e-02
9.341471949522425766e-02
7.770400209439627670e-02
9.535486618921738822e-02
8.742510388617059647e-01
8.708290463484173738e-02
8.876515234078820316e-02
9.292775705843706047e-02
8.093663052489397103e-02
7.061217176979957266e-02
5.188692826971151861e-01
8.794730356878278921e-02
1.144456196863324615e-01
8.959270697165892805e-02
9.134984366097778641e-02
9.212586428420094231e-02
9.455545683012349378e-02
9.693774666699742082e-02
1.065833493410533184e-01
1.049471498904578221e-01
1.064142359068426108e-01
9.383007729609109393e-02
1.036754925960013674e-01
1.079975047856780584e-01
1.132280802588832291e-01
1.071457208386701054e-01
1.048471726640385210e-01
1.145964949497679797e-01
6.215825460127449159e-02
1.212197916702550671e-01
1.242047439313092583e-01
1.266980736060674684e-01
1.275946160392006368e-01
1.380768941229121860e-01
1.287867418395155783e-01
1.327234257222996983e-01
1.336357385161691946e-01
1.412864167701775864e-01
1.621912134017028106e-01
1.225523259432500928e-01
1.581591698826914083e-01
1.631734643077566160e-01
1.587168330724117171e-01
1.679969756731259645e-01
1.764517780295548344e-01
1.731127593628092598e-01
-1.000000000000000000e+00
1.885773776871697838e-01
1.921214974494341032e-01
1.939172269193417120e-01
1.599273344602412106e-01
1.931848935887760521e-01
2.134618397508664389e-01
1.662340088389241133e-01
2.052517450804741683e-01
-1.000000000000000000e+00
2.254453409391975471e-01
1.523747607207553145e-01
1.921474638788675804e-01
-1.000000000000000000e+00
-1.000000000000000000e+00
-1.000000000000000000e+00
-1.000000000000000000e+00
-1.000000000000000000e+00
-1.000000000000000000e+00
1.384521668799144900e-01
-1.000000000000000000e+00
-1.000000000000000000e+00
-1.000000000000000000e+00
-1.000000000000000000e+00
-1.000000000000000000e+00
-1.000000000000000000e+00
-1.000000000000000000e+00
-1.000000000000000000e+00
-1.000000000000000000e+00
-1.000000000000000000e+00
-1.000000000000000000e+00
-1.000000000000000000e+00
-1.000000000000000000e+00
-1.000000000000000000e+00
-1.000000000000000000e+00
-1.000000000000000000e+00
-1.000000000000000000e+00
-1.000000000000000000e+00
-1.000000000000000000e+00
-1.000000000000000000e+00
-1.000000000000000000e+00
-1.000000000000000000e+00
-1.000000000000000000e+00
-1.000000000000000000e+00
-1.000000000000000000e+00
-1.000000000000000000e+00
-1.000000000000000000e+00
-1.000000000000000000e+00
-1.000000000000000000e+00
-1.000000000000000000e+00
-1.000000000000000000e+00
-1.000000000000000000e+00
-1.000000000000000000e+00
-1.000000000000000000e+00
-1.000000000000000000e+00
-1.000000000000000000e+00
-1.000000000000000000e+00
8.814471364926833308e-02
-1.000000000000000000e+00
1.007737802703470020e-01
-1.000000000000000000e+00
-1.000000000000000000e+00
-1.000000000000000000e+00
-1.000000000000000000e+00
-1.000000000000000000e+00
-1.000000000000000000e+00
9.865024684061197979e-02
-1.000000000000000000e+00
-1.000000000000000000e+00
-1.000000000000000000e+00
1.044355761670465177e-01
1.083698601509087561e-01
1.036152426698560142e-01
1.003793372766762920e-01
1.131875907537482212e-01
8.789837241379452881e-02
7.651677469484961802e-02
1.220009907378036551e-01
-1.000000000000000000e+00
9.874407638176335711e-02
1.298867201046145503e-01
8.029147218651971896e-02
8.814846996270946089e-02
1.211122090977831134e-01
4.522374517400189475e-01
8.891443095530955631e-02
8.700446038061875054e-02
1.348867398187719169e-01
1.215718489536596891e-01
1.142741637109025571e-01
1.318572135862323413e-01
1.053757079801627555e-01
5.836436614929859518e-02
1.467034053786539227e-01
1.277715448402205745e-01
1.531419044733559609e-01
1.506784991079975766e-01
1.399920549818768067e-01
1.386649386131004191e-01
1.372640464538580629e-01
1.223085238744315989e-01
1.380614557640131856e-01
1.730070067181338489e-01
1.525377345495501080e-01
1.576490449751966338e-01
1.823296806674525872e-01
1.721532928032364074e-01
1.775910764307677137e-01
1.585883587159934993e-01
1.534041853989081550e-01
1.513846009035158258e-01
1.500792677261978403e-01
1.556509814554600246e-01
1.706798236258333934e-01
1.559466302929030379e-01
1.719685981501411776e-01
1.781304474107505975e-01
1.567661431810221107e-01
1.880648993567149152e-01
1.836979407149929577e-01
1.798040411335433963e-01
1.515353629525896528e-01
1.378369946869196228e-01
1.550392557812406980e-01
1.453124432767670393e-01
1.570824711267785057e-01
1.657226701598539520e-01
1.253829231116512510e-01
-1.000000000000000000e+00
1.519076174923695011e-01
1.555053550884345215e-01
1.497495402664915376e-01
-1.000000000000000000e+00
-1.000000000000000000e+00
1.471197698889445127e-01
-1.000000000000000000e+00
1.826128879295330631e-01
-1.000000000000000000e+00
-1.000000000000000000e+00
-1.000000000000000000e+00
-1.000000000000000000e+00
-1.000000000000000000e+00
-1.000000000000000000e+00
-1.000000000000000000e+00
-1.000000000000000000e+00
-1.000000000000000000e+00
-1.000000000000000000e+00
-1.000000000000000000e+00
-1.000000000000000000e+00
-1.000000000000000000e+00
-1.000000000000000000e+00
-1.000000000000000000e+00
-1.000000000000000000e+00
-1.000000000000000000e+00
-1.000000000000000000e+00
-1.000000000000000000e+00
-1.000000000000000000e+00
-1.000000000000000000e+00
-1.000000000000000000e+00
-1.000000000000000000e+00
-1.000000000000000000e+00
-1.000000000000000000e+00
-1.000000000000000000e+00
-1.000000000000000000e+00
-1.000000000000000000e+00
-1.000000000000000000e+00
-1.000000000000000000e+00
-1.000000000000000000e+00
-1.000000000000000000e+00
-1.000000000000000000e+00
-1.000000000000000000e+00
-1.000000000000000000e+00
-1.000000000000000000e+00
-1.000000000000000000e+00
-1.000000000000000000e+00
-1.000000000000000000e+00
-1.000000000000000000e+00
-1.000000000000000000e+00
-1.000000000000000000e+00
-1.000000000000000000e+00
-1.000000000000000000e+00
-1.000000000000000000e+00
-1.000000000000000000e+00
-1.000000000000000000e+00
1.100874789473364618e-01
-1.000000000000000000e+00
9.732848737177322851e-02
-1.000000000000000000e+00
-1.000000000000000000e+00
-1.000000000000000000e+00
-1.000000000000000000e+00
9.572786326682448943e-02
-1.000000000000000000e+00
1.077815704969644489e-01
-1.000000000000000000e+00
1.185144163653880506e-01
1.308872461264471432e-01
-1.000000000000000000e+00
-1.000000000000000000e+00
1.093312587741057107e-01
-1.000000000000000000e+00
-1.000000000000000000e+00
-1.000000000000000000e+00
1.204823055643270552e-01
1.138708713777857873e-01
-1.000000000000000000e+00
-1.000000000000000000e+00
2.978793312196493237e-01
-1.000000000000000000e+00
-1.000000000000000000e+00
-1.000000000000000000e+00
-1.000000000000000000e+00
-1.000000000000000000e+00
1.136451255997620036e-01
1.130557104287191750e-01
1.137099378710193093e-01
1.111613653030793236e-01
-1.000000000000000000e+00
-1.000000000000000000e+00
-1.000000000000000000e+00
-1.000000000000000000e+00
-1.000000000000000000e+00
1.191778926009559314e-01
1.189417966319595427e-01
1.063382081078265290e-01
-1.000000000000000000e+00
-1.000000000000000000e+00
1.286566797789748251e-01
-1.000000000000000000e+00
-1.000000000000000000e+00
-1.000000000000000000e+00
1.277713461214209090e-01
-1.000000000000000000e+00
1.253864085942071882e-01
1.376194444394874816e-01
1.313500542174449170e-01
-1.000000000000000000e+00
1.325968253213354875e-01
-1.000000000000000000e+00
-1.000000000000000000e+00
-1.000000000000000000e+00
-1.000000000000000000e+00
1.273435399646564714e-01
-1.000000000000000000e+00
1.293757347116099576e-01
-1.000000000000000000e+00
1.301942506119955489e-01
1.270482558236197823e-01
-1.000000000000000000e+00
-1.000000000000000000e+00
1.270281289179693296e-01
1.259954167191323082e-01
-1.000000000000000000e+00
-1.000000000000000000e+00
1.202805960794679080e-01
1.226048162485033344e-01
-1.000000000000000000e+00
1.199270025408360613e-01
-1.000000000000000000e+00
-1.000000000000000000e+00
-1.000000000000000000e+00
-1.000000000000000000e+00
1.142299229618331802e-01
-1.000000000000000000e+00
-1.000000000000000000e+00
1.170069210431512602e-01
1.136228396257562695e-01
1.122050257315297395e-01
1.172097840322602752e-01
1.104404676691328746e-01
1.098904599482332517e-01
1.105633064795669002e-01
1.092566902475116397e-01
-1.000000000000000000e+00
1.103170383056220061e-01
-1.000000000000000000e+00
-1.000000000000000000e+00
1.119809613264883125e-01
1.139524881639700504e-01
-1.000000000000000000e+00
1.071510302476303689e-01
1.108376318734832500e-01
1.042176013862041034e-01
1.116289254259321684e-01
-1.000000000000000000e+00
-1.000000000000000000e+00
-1.000000000000000000e+00
1.090024585723971262e-01
-1.000000000000000000e+00
1.050258698331277551e-01
1.076014611440070518e-01
-1.000000000000000000e+00
1.074319986090402079e-01
1.056095304070724938e-01
-1.000000000000000000e+00
-1.000000000000000000e+00
1.055469085211411390e-01
1.083397423962583483e-01
1.077481066023061596e-01
-1.000000000000000000e+00
1.051212810303342737e-01
-1.000000000000000000e+00
1.062014185134615568e-01
1.152149750302125519e-01
-1.000000000000000000e+00
1.071716426996270621e-01
1.056411214456505904e-01
-1.000000000000000000e+00
-1.000000000000000000e+00
-1.000000000000000000e+00
-1.000000000000000000e+00
-1.000000000000000000e+00
-1.000000000000000000e+00
-1.000000000000000000e+00
-1.000000000000000000e+00
-1.000000000000000000e+00
-1.000000000000000000e+00
-1.000000000000000000e+00
-1.000000000000000000e+00
-1.000000000000000000e+00
-1.000000000000000000e+00
-1.000000000000000000e+00
-1.000000000000000000e+00
-1.000000000000000000e+00
-1.000000000000000000e+00
-1.000000000000000000e+00
-1.000000000000000000e+00
-1.000000000000000000e+00
-1.000000000000000000e+00
-1.000000000000000000e+00
-1.000000000000000000e+00
-1.000000000000000000e+00
-1.000000000000000000e+00
-1.000000000000000000e+00
1.224762981797952455e-01
-1.000000000000000000e+00
-1.000000000000000000e+00
1.074531060903111401e-01
-1.000000000000000000e+00
-1.000000000000000000e+00
-1.000000000000000000e+00
1.151764133594324196e-01
-1.000000000000000000e+00
-1.000000000000000000e+00
-1.000000000000000000e+00
-1.000000000000000000e+00
-1.000000000000000000e+00
1.177062241177828233e-01
-1.000000000000000000e+00
-1.000000000000000000e+00
-1.000000000000000000e+00
-1.000000000000000000e+00
-1.000000000000000000e+00
-1.000000000000000000e+00
1.321342731097459866e-01
-1.000000000000000000e+00
-1.000000000000000000e+00
-1.000000000000000000e+00
-1.000000000000000000e+00
-1.000000000000000000e+00
-1.000000000000000000e+00
-1.000000000000000000e+00
-1.000000000000000000e+00
-1.000000000000000000e+00
-1.000000000000000000e+00
-1.000000000000000000e+00
-1.000000000000000000e+00
-1.000000000000000000e+00
-1.000000000000000000e+00
-1.000000000000000000e+00
-1.000000000000000000e+00
-1.000000000000000000e+00
-1.000000000000000000e+00
-1.000000000000000000e+00
-1.000000000000000000e+00
-1.000000000000000000e+00
-1.000000000000000000e+00
-1.000000000000000000e+00
-1.000000000000000000e+00
-1.000000000000000000e+00
-1.000000000000000000e+00
-1.000000000000000000e+00
-1.000000000000000000e+00
-1.000000000000000000e+00
-1.000000000000000000e+00
8.937994615685165845e-02
-1.000000000000000000e+00
-1.000000000000000000e+00
9.028761311627184205e-02
-1.000000000000000000e+00
-1.000000000000000000e+00
-1.000000000000000000e+00
9.589905494782977047e-02
-1.000000000000000000e+00
-1.000000000000000000e+00
-1.000000000000000000e+00
9.336731158357673699e-02
-1.000000000000000000e+00
-1.000000000000000000e+00
-1.000000000000000000e+00
9.360084604049950796e-02
-1.000000000000000000e+00
-1.000000000000000000e+00
9.604497309252621462e-02
9.473106002193025510e-02
-1.000000000000000000e+00
-1.000000000000000000e+00
9.765047509226777722e-02
-1.000000000000000000e+00
-1.000000000000000000e+00
-1.000000000000000000e+00
9.738234834004581841e-02
9.895905070372688905e-02
9.785171184569385616e-02
9.060995196112990591e-02
9.927748247036957685e-02
-1.000000000000000000e+00
9.342211895212981787e-02
-1.000000000000000000e+00
9.062992934982047610e-02
9.411459265929071616e-02
9.065641387549161490e-02
9.442284461960746833e-02
-1.000000000000000000e+00
9.162387967973560643e-02
9.376372438609532900e-02
-1.000000000000000000e+00
9.290400177147406513e-02
-1.000000000000000000e+00
-1.000000000000000000e+00
9.199391965970241114e-02
-1.000000000000000000e+00
9.073956259083475195e-02
8.377415756061452889e-02
9.129180956295941674e-02
9.005176504123647840e-02
9.249388115252246689e-02
8.641170820995608404e-02
-1.000000000000000000e+00
-1.000000000000000000e+00
-1.000000000000000000e+00
8.733762085258538199e-02
-1.000000000000000000e+00
-1.000000000000000000e+00
8.019735124747311150e-02
-1.000000000000000000e+00
8.416754010819797738e-02
-1.000000000000000000e+00
-1.000000000000000000e+00
-1.000000000000000000e+00
-1.000000000000000000e+00
8.506402635244998678e-02
-1.000000000000000000e+00
-1.000000000000000000e+00
8.449667822726888988e-02
-1.000000000000000000e+00
-1.000000000000000000e+00
8.484303171333951177e-02
-1.000000000000000000e+00
8.289906485901435418e-02
8.272341014700912432e-02
8.246592501926643115e-02
-1.000000000000000000e+00
8.033944505993798058e-02
8.125113591328937679e-02
7.911838698148697391e-02
-1.000000000000000000e+00
8.426994010857732920e-02
7.998688266893400067e-02
7.933378676879553060e-02
8.391362561717582991e-02
8.545695156425790751e-02
8.354625266041136589e-02
-1.000000000000000000e+00
-1.000000000000000000e+00
-1.000000000000000000e+00
-1.000000000000000000e+00
-1.000000000000000000e+00
8.455548482813794731e-02
9.062805725579682614e-02
9.484566019402002057e-02
-1.000000000000000000e+00
-1.000000000000000000e+00
9.813096262547019166e-02
9.819685380172418765e-02
-1.000000000000000000e+00
1.010535486415370110e-01
-1.000000000000000000e+00
9.565523474405066007e-02
1.006376529910071732e-01
9.694202342744037693e-02
-1.000000000000000000e+00
1.022936586309672879e-01
9.828330571656916648e-02
1.018738965681812159e-01
-1.000000000000000000e+00
-1.000000000000000000e+00
-1.000000000000000000e+00
