-1.000000000000000000e+00
-1.000000000000000000e+00
-1.000000000000000000e+00
-1.000000000000000000e+00
-1.000000000000000000e+00
-1.000000000000000000e+00
-1.000000000000000000e+00
-1.000000000000000000e+00
-1.000000000000000000e+00
-1.000000000000000000e+00
-1.000000000000000000e+00
-1.000000000000000000e+00
-1.000000000000000000e+00
-1.000000000000000000e+00
-1.000000000000000000e+00
-1.000000000000000000e+00
-1.000000000000000000e+00
-1.000000000000000000e+00
-1.000000000000000000e+00
-1.000000000000000000e+00
-1.000000000000000000e+00
-1.000000000000000000e+00
-1.000000000000000000e+00
-1.000000000000000000e+00
-1.000000000000000000e+00
-1.000000000000000000e+00
-1.000000000000000000e+00
-1.000000000000000000e+00
-1.000000000000000000e+00
-1.000000000000000000e+00
-1.000000000000000000e+00
-1.000000000000000000e+00
-1.000000000000000000e+00
-1.000000000000000000e+00
-1.000000000000000000e+00
-1.000000000000000000e+00
-1.000000000000000000e+00
-1.000000000000000000e+00
-1.000000000000000000e+00
-1.000000000000000000e+00
-1.000000000000000000e+00
-1.000000000000000000e+00
-1.000000000000000000e+00
1.267530754005642968e-01
-1.000000000000000000e+00
-1.000000000000000000e+00
-1.000000000000000000e+00
9.977154350997768928e-02
-1.000000000000000000e+00
8.939920430398731743e-02
1.014949712626634637e-01
1.019885007239910574e-01
9.731250931341774157e-02
9.739764097612839400e-02
1.020853700424134147e-01
9.318700180489274121e-02
1.053902166812237390e-01
8.947838335156464706e-02
9.648679703344523184e-02
9.507299961876682082e-02
9.621724052344118872e-02
-1.000000000000000000e+00
-1.000000000000000000e+00
9.021311380694604920e-02
9.930885978878302434e-02
-1.000000000000000000e+00
-1.000000000000000000e+00
-1.000000000000000000e+00
-1.000000000000000000e+00
-1.000000000000000000e+00
-1.000000000000000000e+00
-1.000000000000000000e+00
-1.000000000000000000e+00
-1.000000000000000000e+00
-1.000000000000000000e+00
-1.000000000000000000e+00
-1.000000000000000000e+00
-1.000000000000000000e+00
-1.000000000000000000e+00
-1.000000000000000000e+00
-1.000000000000000000e+00
-1.000000000000000000e+00
-1.000000000000000000e+00
-1.000000000000000000e+00
-1.000000000000000000e+00
-1.000000000000000000e+00
-1.000000000000000000e+00
-1.000000000000000000e+00
-1.000000000000000000e+00
-1.000000000000000000e+00
-1.000000000000000000e+00
-1.000000000000000000e+00
1.417833808105391502e-01
-1.000000000000000000e+00
-1.000000000000000000e+00
1.365965082106029849e-01
1.324968866894745134e-01
-1.000000000000000000e+00
-1.000000000000000000e+00
1.234583311378743553e-01
1.197481890977256103e-01
1.182168568739459941e-01
-1.000000000000000000e+00
1.101469767696611202e-01
9.028467082881928840e-02
-1.000000000000000000e+00
8.405306311847121625e-02
8.024900690235425849e-02
6.226394952956450929e-02
-1.000000000000000000e+00
6.295899701117459168e-02
6.045668006663613286e-02
6.331188030816446710e-02
6.050049412154229200e-02
5.894998676696357881e-02
5.612005863328909522e-02
5.915807169756903683e-02
5.521715801387444555e-02
5.431454305786565656e-02
5.459413861855012817e-02
5.566636149197150274e-02
5.822471049190269810e-02
5.323722564423043896e-02
5.096114395768797795e-02
5.123434037594645774e-02
5.384244684212332460e-02
5.549293298774742034e-02
5.405501974786032504e-02
5.519813030942354037e-02
5.497188295599975821e-02
5.127121055400565841e-02
5.477020751399553494e-02
5.582393216953801529e-02
5.687320472695062828e-02
5.688436443653985958e-02
6.077919821518815852e-02
-1.000000000000000000e+00
6.185344581859172214e-02
5.718694365183239064e-02
6.223954027660710125e-02
6.276911093112369500e-02
6.070912026238948350e-02
6.162853352540920149e-02
6.504444774644976834e-02
5.746255855027111031e-02
6.145244345099790811e-02
5.853799236470878797e-02
6.743678630517933870e-02
-1.000000000000000000e+00
6.376398473208857998e-02
5.860686019681377035e-02
6.722602610377063914e-02
6.427764407159815285e-02
5.925161235858751596e-02
6.276988107958438035e-02
-1.000000000000000000e+00
6.827743199751896974e-02
6.371381798107217387e-02
6.518231159733531288e-02
7.200801491028442636e-02
7.246077878998928579e-02
7.072257168737365596e-02
7.189821749070955670e-02
7.100325120775073662e-02
7.273956469099232547e-02
7.383971713207064524e-02
-1.000000000000000000e+00
7.582016329091649520e-02
7.395567431613667142e-02
7.880386464422503567e-02
7.403429491087340497e-02
7.638769232724308689e-02
7.611764393240334770e-02
7.640347438550032511e-02
7.251475948673685723e-02
-1.000000000000000000e+00
6.806517533127198760e-02
8.208419710013323267e-02
6.278510479341971318e-02
2.008022719639624420e-01
6.282196243510421163e-02
6.178751892093015813e-02
7.715975381484146967e-02
6.177789446638674159e-02
5.857968721093576026e-02
6.241704382950331864e-02
4.868752662729197017e-02
7.184550518895378712e-02
4.922724039864777995e-02
5.419142286501309191e-02
6.004809236332624145e-02
-1.000000000000000000e+00
6.059672760990713475e-02
7.074619008326686609e-02
7.289528011643538197e-02
7.201384506363035787e-02
6.223372220555128953e-02
-1.000000000000000000e+00
-1.000000000000000000e+00
5.636789795159086180e-02
6.944833807587202923e-02
-1.000000000000000000e+00
5.539769766147992214e-02
-1.000000000000000000e+00
5.381996170992547207e-02
-1.000000000000000000e+00
3.821687378064515112e-02
-1.000000000000000000e+00
-1.000000000000000000e+00
5.226079199961548155e-02
6.756638542352316756e-02
-1.000000000000000000e+00
-1.000000000000000000e+00
5.362397289229217656e-02
-1.000000000000000000e+00
5.685817279660334428e-02
-1.000000000000000000e+00
-1.000000000000000000e+00
3.107659305129067961e-02
4.262694313994924711e-02
-1.000000000000000000e+00
3.575246280776894076e-02
5.627129130660031564e-02
4.183630016991772560e-02
4.857696033867167640e-02
-1.000000000000000000e+00
-1.000000000000000000e+00
-1.000000000000000000e+00
-1.000000000000000000e+00
-1.000000000000000000e+00
5.804055093300053425e-02
-1.000000000000000000e+00
6.922405189375249734e-02
-1.000000000000000000e+00
-1.000000000000000000e+00
2.598167007874664994e-02
-1.000000000000000000e+00
-1.000000000000000000e+00
3.145982843888128072e-02
6.384385240020165608e-02
-1.000000000000000000e+00
-1.000000000000000000e+00
2.756151369205564125e-02
-1.000000000000000000e+00
3.088088220670445749e-02
-1.000000000000000000e+00
-1.000000000000000000e+00
-1.000000000000000000e+00
4.628990533249569689e-02
-1.000000000000000000e+00
-1.000000000000000000e+00
3.508584876119772572e-02
-1.000000000000000000e+00
7.540744118599751467e-02
-1.000000000000000000e+00
4.878619433545352407e-02
3.217943300511382637e-02
-1.000000000000000000e+00
2.946259116885001014e-02
-1.000000000000000000e+00
5.146153422602885857e-02
-1.000000000000000000e+00
-1.000000000000000000e+00
-1.000000000000000000e+00
-1.000000000000000000e+00
-1.000000000000000000e+00
-1.000000000000000000e+00
-1.000000000000000000e+00
-1.000000000000000000e+00
-1.000000000000000000e+00
-1.000000000000000000e+00
-1.000000000000000000e+00
-1.000000000000000000e+00
-1.000000000000000000e+00
-1.000000000000000000e+00
8.723400589236553204e-02
-1.000000000000000000e+00
-1.000000000000000000e+00
4.927785875269491411e-02
-1.000000000000000000e+00
4.905005635171219569e-02
-1.000000000000000000e+00
-1.000000000000000000e+00
-1.000000000000000000e+00
-1.000000000000000000e+00
-1.000000000000000000e+00
-1.000000000000000000e+00
9.974005108784990414e-02
-1.000000000000000000e+00
-1.000000000000000000e+00
-1.000000000000000000e+00
-1.000000000000000000e+00
-1.000000000000000000e+00
-1.000000000000000000e+00
-1.000000000000000000e+00
-1.000000000000000000e+00
-1.000000000000000000e+00
-1.000000000000000000e+00
-1.000000000000000000e+00
-1.000000000000000000e+00
-1.000000000000000000e+00
1.497555619941744187e-01
1.483308019883407824e-01
-1.000000000000000000e+00
-1.000000000000000000e+00
1.579425955491431943e-01
-1.000000000000000000e+00
-1.000000000000000000e+00
-1.000000000000000000e+00
-1.000000000000000000e+00
-1.000000000000000000e+00
1.485152057498518030e-01
1.493032762612437614e-01
-1.000000000000000000e+00
-1.000000000000000000e+00
1.568623261771097954e-01
-1.000000000000000000e+00
-1.000000000000000000e+00
-1.000000000000000000e+00
-1.000000000000000000e+00
-1.000000000000000000e+00
8.316106888390484286e-02
1.503604369643734562e-01
-1.000000000000000000e+00
-1.000000000000000000e+00
1.572044658231490921e-01
1.422754482477755489e-01
1.668951245772641867e-01
-1.000000000000000000e+00
-1.000000000000000000e+00
-1.000000000000000000e+00
-1.000000000000000000e+00
-1.000000000000000000e+00
-1.000000000000000000e+00
-1.000000000000000000e+00
-1.000000000000000000e+00
-1.000000000000000000e+00
-1.000000000000000000e+00
-1.000000000000000000e+00
-1.000000000000000000e+00
-1.000000000000000000e+00
-1.000000000000000000e+00
-1.000000000000000000e+00
-1.000000000000000000e+00
-1.000000000000000000e+00
1.199590653847886906e-01
-1.000000000000000000e+00
-1.000000000000000000e+00
-1.000000000000000000e+00
-1.000000000000000000e+00
-1.000000000000000000e+00
-1.000000000000000000e+00
-1.000000000000000000e+00
1.233842402714133979e-01
-1.000000000000000000e+00
-1.000000000000000000e+00
-1.000000000000000000e+00
-1.000000000000000000e+00
-1.000000000000000000e+00
-1.000000000000000000e+00
-1.000000000000000000e+00
-1.000000000000000000e+00
-1.000000000000000000e+00
-1.000000000000000000e+00
-1.000000000000000000e+00
-1.000000000000000000e+00
-1.000000000000000000e+00
-1.000000000000000000e+00
-1.000000000000000000e+00
-1.000000000000000000e+00
-1.000000000000000000e+00
-1.000000000000000000e+00
-1.000000000000000000e+00
-1.000000000000000000e+00
-1.000000000000000000e+00
-1.000000000000000000e+00
-1.000000000000000000e+00
-1.000000000000000000e+00
-1.000000000000000000e+00
-1.000000000000000000e+00
7.400563527849957079e-02
-1.000000000000000000e+00
-1.000000000000000000e+00
-1.000000000000000000e+00
-1.000000000000000000e+00
9.705272740008327736e-02
7.806048810809554372e-02
-1.000000000000000000e+00
-1.000000000000000000e+00
-1.000000000000000000e+00
1.029141352970671247e-01
1.002106569684097087e-01
1.198598810635080336e-01
1.103199948210923653e-01
1.083066125243339617e-01
9.977531986551010923e-02
1.328463950153041251e-01
1.346585009210703732e-01
-1.000000000000000000e+00
1.498730245290108842e-01
1.303872259755765872e-01
1.245509410029650155e-01
1.461340429422752496e-01
1.668646594409018968e-01
1.378959343248780944e-01
1.589222396168386842e-01
1.601693279448943852e-01
1.540627222329910007e-01
1.409844356076253302e-01
1.575276444305227508e-01
1.549632253373122437e-01
1.456440110424333245e-01
1.385088639750408079e-01
1.460442458900663432e-01
1.456171333042679816e-01
1.489081618221581027e-01
1.380869244789271755e-01
1.347893463396393210e-01
1.399129486373021647e-01
1.289893779559841969e-01
1.454632820478463373e-01
1.461135033889841284e-01
1.357575516335492172e-01
1.401883830978293277e-01
1.431470251612875222e-01
1.391180188750167079e-01
1.367957282230416460e-01
1.333958709949528698e-01
1.359625021300039927e-01
1.324501370053619842e-01
1.321390499307116551e-01
1.299759847043001626e-01
1.185773154633585486e-01
1.300738566026612419e-01
1.284604840841233886e-01
1.292763623543899676e-01
1.287757699128627698e-01
1.399441445714982857e-01
1.270550318122450617e-01
1.295185135736225124e-01
1.307491339868642466e-01
-1.000000000000000000e+00
1.213027911832342404e-01
1.231189644782108711e-01
1.200532354906345411e-01
1.194538380860167698e-01
-1.000000000000000000e+00
1.106816703007192648e-01
1.142936592609316709e-01
1.130486852886944671e-01
1.091433927908254942e-01
1.455422185152890346e-01
1.079861945868951095e-01
8.814280437638301324e-02
9.990260895796132523e-02
1.013260225105246520e-01
1.057452552463445522e-01
-1.000000000000000000e+00
-1.000000000000000000e+00
-1.000000000000000000e+00
-1.000000000000000000e+00
-1.000000000000000000e+00
9.720606012651984706e-02
-1.000000000000000000e+00
9.591247217648937728e-02
1.003416518754899206e-01
9.704539909059016478e-02
9.208750181954013236e-02
8.788037416113343714e-02
8.571242826588054697e-02
8.642315253512773687e-02
-1.000000000000000000e+00
9.451369719605551278e-02
1.062670109796644419e-01
-1.000000000000000000e+00
9.556468373851560727e-02
9.781645246291179041e-02
-1.000000000000000000e+00
-1.000000000000000000e+00
-1.000000000000000000e+00
-1.000000000000000000e+00
8.839479425042927330e-02
-1.000000000000000000e+00
-1.000000000000000000e+00
1.136606772732625253e-01
-1.000000000000000000e+00
-1.000000000000000000e+00
-1.000000000000000000e+00
1.154783868379117284e-01
-1.000000000000000000e+00
-1.000000000000000000e+00
1.212224673608356951e-01
-1.000000000000000000e+00
-1.000000000000000000e+00
-1.000000000000000000e+00
8.704773593442459434e-02
-1.000000000000000000e+00
1.029871352797924605e-01
1.055443062319682823e-01
9.470607785860102323e-02
-1.000000000000000000e+00
-1.000000000000000000e+00
8.695338892261378350e-02
-1.000000000000000000e+00
1.038347063809097748e-01
1.632930819120962107e-01
9.315246332899519699e-02
-1.000000000000000000e+00
-1.000000000000000000e+00
9.248059307972217313e-02
9.384462590390420245e-02
8.061928500326326352e-02
8.143869354110745695e-02
-1.000000000000000000e+00
-1.000000000000000000e+00
4.511541514865989588e-02
-1.000000000000000000e+00
6.619072585918289731e-02
-1.000000000000000000e+00
7.903379083510295167e-02
5.289469343480400487e-02
3.285704709391992773e-01
7.242448139380619487e-02
6.740232768957435394e-02
8.348834955529182977e-02
-1.000000000000000000e+00
-1.000000000000000000e+00
6.067034098759153254e-02
7.785062991640744057e-02
7.729033145895726487e-02
1.069396743472790512e-01
8.120999683157500981e-02
7.818778599157022446e-02
7.060043450505269769e-02
7.173102178055915101e-02
6.619060299028245442e-02
6.455476982741051306e-02
8.176926731995461106e-02
7.762073233024337215e-02
5.759857257787626139e-02
8.194422283816700514e-02
6.522080049041192873e-02
8.391284099555833265e-02
5.418568594301615554e-02
8.013388962382217429e-02
7.498061134489951429e-02
5.818262830045160122e-02
8.373231204712068554e-02
6.492109453615324544e-02
7.215959736713323247e-02
6.977044228716443308e-02
5.768350811555699592e-02
7.731296432292743270e-02
6.559835057772425704e-02
8.563811028120790758e-02
8.029144366459059490e-02
6.516604742230863723e-02
7.274479357960735026e-02
7.809437972501015457e-02
7.668258714457076852e-02
8.355064830162657608e-02
7.137169144226419848e-02
6.722482020969679228e-02
6.667844267574625505e-02
7.320568176310628117e-02
7.646902226713557515e-02
7.183319970010763889e-02
6.447113153102521088e-02
8.299536758019761262e-02
6.348296593790894726e-02
7.121682117170860526e-02
7.821632421382247735e-02
7.583025334810576668e-02
7.010894029037442743e-02
8.015699445415819246e-02
6.930255786483928426e-02
7.565353133884004933e-02
7.977032676035959724e-02
6.898857247623188527e-02
7.344359685106421898e-02
-1.000000000000000000e+00
6.389166751324698579e-02
8.332622111618397109e-02
7.979311479822909225e-02
6.410469389118100825e-02
8.242044096734373049e-02
7.734999725749790167e-02
7.612288623192309256e-02
7.747124510915466555e-02
-1.000000000000000000e+00
7.395547564042226352e-02
7.827163302953935031e-02
7.382284110995845916e-02
8.598625066388061733e-02
7.306858109981186067e-02
6.330308926290781346e-02
6.817696317526797389e-02
6.503026294501010329e-02
7.828632538398949681e-02
-1.000000000000000000e+00
6.242367096610201838e-02
6.970697498019470806e-02
7.099062196436813077e-02
5.647604333803211279e-02
6.675144925727702350e-02
6.478545765371147847e-02
-1.000000000000000000e+00
5.256729904299780459e-02
-1.000000000000000000e+00
-1.000000000000000000e+00
-1.000000000000000000e+00
-1.000000000000000000e+00
-1.000000000000000000e+00
5.870014382849824547e-02
-1.000000000000000000e+00
-1.000000000000000000e+00
-1.000000000000000000e+00
-1.000000000000000000e+00
-1.000000000000000000e+00
-1.000000000000000000e+00
-1.000000000000000000e+00
-1.000000000000000000e+00
-1.000000000000000000e+00
-1.000000000000000000e+00
8.185292805994076604e-02
8.375666785406439552e-02
-1.000000000000000000e+00
8.351496368340809162e-02
8.789233159219374258e-02
-1.000000000000000000e+00
-1.000000000000000000e+00
8.223757947725952866e-02
8.796252384318939410e-02
8.463683076315514642e-02
8.076391527954680793e-02
8.835370882363267897e-02
8.388217610443075845e-02
-1.000000000000000000e+00
8.698119877636165120e-02
8.319479432061661905e-02
8.415889832453989083e-02
-1.000000000000000000e+00
8.712111651301028548e-02
8.666256104819329564e-02
8.659482953760397339e-02
8.580932698236867773e-02
8.519074581509188115e-02
8.543793627475682051e-02
8.111568073091175723e-02
8.511132461214415690e-02
-1.000000000000000000e+00
8.404542214872585959e-02
8.524759250183486237e-02
8.611469491160422818e-02
8.105930335943652143e-02
8.124531556525492471e-02
8.314532292356804910e-02
8.340829626664923724e-02
8.387362239341447645e-02
8.062831985619017816e-02
8.343183659689454301e-02
8.520980786755631697e-02
8.947847986608527260e-02
8.513746224026659537e-02
8.485511830553789381e-02
8.409610147338993091e-02
8.395361833205158830e-02
8.411327637493404286e-02
8.408693906691770692e-02
8.377561271241523722e-02
8.688891048804443795e-02
8.798042020340809954e-02
8.580360065155644145e-02
8.640646018400650885e-02
8.650604459112690159e-02
8.673991565112919300e-02
8.608208520076376935e-02
8.845536419282003238e-02
8.886072015693073645e-02
8.892440834544375339e-02
8.501533058572946500e-02
8.773386563263922688e-02
8.842292489726391591e-02
8.883852577342406243e-02
8.587739463894607239e-02
8.475962515280988097e-02
8.446146240360252744e-02
8.320058622013722094e-02
8.419925251735248251e-02
8.050420068251101791e-02
8.100948364932031298e-02
8.009209069843314932e-02
8.325004014569545308e-02
7.981699786453980150e-02
8.155469179395982704e-02
7.952147721421222448e-02
7.956938861017127940e-02
8.357168093183760249e-02
7.825027136916634651e-02
7.729503033043276516e-02
7.646811697826561005e-02
7.690138998197311448e-02
8.197062943843802518e-02
7.524204274007992299e-02
7.621180807738266172e-02
8.129530894393260931e-02
7.796919322481836445e-02
7.876395568276642334e-02
7.819650516226911430e-02
7.715238466707527443e-02
9.397151198781203418e-02
8.952880253748267403e-02
8.487724285085632148e-02
8.466078750812250364e-02
8.794127868437515150e-02
8.722211718663060165e-02
8.302833294463619895e-02
8.794769868506735477e-02
8.474874644789798239e-02
8.724274230660016005e-02
8.772346029060930361e-02
8.928608153888070720e-02
9.135327813087676385e-02
8.563228661601803016e-02
8.996788183677334461e-02
9.293340182984761999e-02
9.212782834303027968e-02
9.453126979094204907e-02
9.430219748522800094e-02
9.920914887987733466e-02
9.771035069173798771e-02
9.727522598556435918e-02
9.510514492544792919e-02
9.099499621243746506e-02
9.305581355911331232e-02
9.401165597553121089e-02
8.699106105451456794e-02
9.007439320957584539e-02
8.710097050361931270e-02
8.795712495759684668e-02
8.481153536370619750e-02
8.930745934524919605e-02
8.553829710762124450e-02
8.731920145837487879e-02
8.478373402648585466e-02
8.294117801594795558e-02
7.785372418775653169e-02
8.008222189886378406e-02
7.963275585550785851e-02
8.010482850804565014e-02
7.546740287258822677e-02
7.574037224217983200e-02
7.669259072728497328e-02
7.743994045388882808e-02
7.530030485483676927e-02
7.150626354224291770e-02
7.264619485654255637e-02
7.191808567551932763e-02
7.393113013989717486e-02
7.402724160124007913e-02
7.237397299626378844e-02
7.200784733631010459e-02
6.823118692980063849e-02
6.613353150183591544e-02
6.919752855173211259e-02
6.686764023097437060e-02
6.454413173620619781e-02
5.827860254168716614e-02
5.868619373564015057e-02
5.557914095844530139e-02
5.337040512082977944e-02
5.712380033910948590e-02
5.302306968205133808e-02
5.337330073970079219e-02
4.367757570881123513e-02
4.643733636713959917e-02
5.508482622473050150e-02
4.304036359559935965e-02
4.652866878361858888e-02
4.279927479380089134e-02
4.512221773909282085e-02
4.899604965526106054e-02
4.665899291695761730e-02
4.563174138318974032e-02
4.718301027365900263e-02
4.714354523865494501e-02
4.749614437128304306e-02
4.394909635788695618e-02
4.630804422854268437e-02
4.037042124957902073e-02
4.904821549426777866e-02
4.350208156897009820e-02
4.292214844016525171e-02
4.559975822400637313e-02
4.467157750831398516e-02
4.322087493217813270e-02
4.251842308586088054e-02
4.269087342623708453e-02
3.808087768593459987e-02
4.398872295069791022e-02
3.688501665919910466e-02
4.195977575294544681e-02
3.866359201939800067e-02
4.350529172460506494e-02
4.820152663314713343e-02
4.864502472926793969e-02
3.512916377038344251e-02
4.317253741718504734e-02
4.238885701949222928e-02
4.260416304232875206e-02
4.672919718348472057e-02
1.791014216456263478e-02
5.334058253226407753e-02
6.241150617712652726e-02
5.142927810484546058e-02
4.442547543903650059e-02
4.906683789696761333e-02
5.263115086568215945e-02
3.324523907178033449e-02
3.045250383224921281e-02
1.715817875977715401e-02
2.879024592726586035e-02
2.730333580725129855e-02
3.761714331930799543e-02
-1.000000000000000000e+00
6.840627903889237582e-02
4.604223940000368859e-02
2.947142073497847209e-02
2.707117450014730892e-02
3.308708757630910574e-02
3.612112674863167394e-02
3.195061056749980838e-02
-1.000000000000000000e+00
-1.000000000000000000e+00
4.447005646011784746e-02
-1.000000000000000000e+00
3.671765006274334275e-02
-1.000000000000000000e+00
-1.000000000000000000e+00
4.272974626736572579e-02
-1.000000000000000000e+00
4.808843238386657087e-02
4.425767746832125898e-02
3.702433610774145956e-02
3.571223641294950235e-02
3.894380395165369935e-02
-1.000000000000000000e+00
-1.000000000000000000e+00
4.092447838145270300e-02
6.425945185058117015e-02
4.015058077346279897e-02
5.315221395579654284e-02
4.582622613894737212e-02
4.962652412515577288e-02
5.527791917021102758e-02
5.577482684674676949e-02
4.755476175183965398e-02
4.417769013678739948e-02
5.281984122910165363e-02
4.870032598749379077e-02
4.926575349819573013e-02
5.393167992781248976e-02
5.854548834041652106e-02
6.186887223476066067e-02
5.973586270087004324e-02
6.171935442126520732e-02
-1.000000000000000000e+00
6.947314131700439710e-02
7.145204058346089904e-02
6.966145314283825329e-02
6.782373284076008424e-02
6.919534401588203765e-02
7.517003289474886996e-02
7.093689573186907904e-02
6.713055026818437465e-02
6.561878450147079489e-02
6.587023399761210429e-02
6.328778055367967337e-02
6.036862833158898600e-02
-1.000000000000000000e+00
6.306315519547132931e-02
6.528888552128954414e-02
-1.000000000000000000e+00
6.238322625037619196e-02
5.914733520280358176e-02
6.093058735459005310e-02
6.104284559426102069e-02
5.731288197036703280e-02
6.153124180483367234e-02
5.036657265217402146e-02
5.672472494761359590e-02
5.513253888452583629e-02
5.846518433712395019e-02
6.371052956900770392e-02
5.782557652628877304e-02
5.348740405689408894e-02
5.507228152051630438e-02
5.501681171539291038e-02
5.420741378165695040e-02
5.526918246429645548e-02
5.546025548982625591e-02
4.649506689607522253e-02
5.424255526441879027e-02
5.443323586702972228e-02
5.459244805890071245e-02
5.338029750668283474e-02
5.574013875442195010e-02
5.542952757542669862e-02
5.464248415688024996e-02
5.403555227289692092e-02
5.374573479600061598e-02
5.450703134835360036e-02
5.683518740783683604e-02
5.285972128110517920e-02
5.113052032202971414e-02
5.328678331699009812e-02
-1.000000000000000000e+00
5.479199058755161722e-02
5.139125371973374268e-02
5.079615162151213809e-02
-1.000000000000000000e+00
5.488294604131342680e-02
4.944684165922184904e-02
5.083290532162059588e-02
6.207788763692494854e-02
6.128899734895828372e-02
5.773737207668228066e-02
5.350679300939281680e-02
4.432770651289191788e-02
5.756374752698938113e-02
6.062761957113824846e-02
-1.000000000000000000e+00
5.415719635849510633e-02
5.405493444756724608e-02
6.059839204799719048e-02
-1.000000000000000000e+00
5.017780494619770298e-02
-1.000000000000000000e+00
-1.000000000000000000e+00
-1.000000000000000000e+00
-1.000000000000000000e+00
2.437965845954066790e-02
-1.000000000000000000e+00
5.853866203246715222e-02
5.517053214303034581e-02
3.725074806604213723e-02
5.370078917409958769e-02
-1.000000000000000000e+00
-1.000000000000000000e+00
-1.000000000000000000e+00
4.918846799463046093e-02
-1.000000000000000000e+00
-1.000000000000000000e+00
-1.000000000000000000e+00
-1.000000000000000000e+00
-1.000000000000000000e+00
-1.000000000000000000e+00
-1.000000000000000000e+00
-1.000000000000000000e+00
-1.000000000000000000e+00
-1.000000000000000000e+00
-1.000000000000000000e+00
-1.000000000000000000e+00
-1.000000000000000000e+00
-1.000000000000000000e+00
-1.000000000000000000e+00
-1.000000000000000000e+00
-1.000000000000000000e+00
-1.000000000000000000e+00
-1.000000000000000000e+00
-1.000000000000000000e+00
-1.000000000000000000e+00
-1.000000000000000000e+00
-1.000000000000000000e+00
-1.000000000000000000e+00
-1.000000000000000000e+00
-1.000000000000000000e+00
-1.000000000000000000e+00
5.906924506120882212e-02
-1.000000000000000000e+00
-1.000000000000000000e+00
6.721069212377898949e-02
-1.000000000000000000e+00
-1.000000000000000000e+00
5.245051341067252099e-02
-1.000000000000000000e+00
6.025686214328543344e-02
6.727622248312684072e-02
-1.000000000000000000e+00
-1.000000000000000000e+00
-1.000000000000000000e+00
-1.000000000000000000e+00
-1.000000000000000000e+00
-1.000000000000000000e+00
-1.000000000000000000e+00
-1.000000000000000000e+00
-1.000000000000000000e+00
-1.000000000000000000e+00
-1.000000000000000000e+00
-1.000000000000000000e+00
