8.375958420076058675e-02
8.054601130006776299e-02
8.811040474541947942e-02
8.563133003563894174e-02
8.107229054283332514e-02
8.355070101794734305e-02
8.871508013780576851e-02
8.035608593995517690e-02
8.653078837261443668e-02
7.890167194664522710e-02
7.413744611182211675e-02
9.040919119889448408e-02
7.450140549473364959e-02
6.617994751782885210e-02
6.282132635316649283e-02
6.733307375200255074e-02
7.232896662076285232e-02
6.328455566479188055e-02
6.027996735928702055e-02
5.659657400482023121e-02
6.304159179728403839e-02
6.186200695834860597e-02
4.961500960485332873e-02
6.381124003599930594e-02
5.922215540250621441e-02
6.006597894059299836e-02
7.430014939361639925e-02
6.305385430496945887e-02
5.578452038746634090e-02
7.164084927657504709e-02
5.438500859548309196e-02
5.659369454697227297e-02
5.240269631771868331e-02
5.307358375114015758e-02
5.499505865507278712e-02
5.311987182037755661e-02
3.993360803157027655e-02
5.308337210819072394e-02
4.427363784658545909e-02
5.681401311490302114e-02
5.866952680617550792e-02
6.092635383676493072e-02
6.151260650025228843e-02
6.501328124351818394e-02
6.873441909606789468e-02
7.577938610985560097e-02
7.167317379371271335e-02
7.408932171617221840e-02
7.046000579328605407e-02
8.932273716352767678e-02
7.821223360338752650e-02
7.109881910401417981e-02
8.219349427531269514e-02
7.741892305312621236e-02
8.628065704183197904e-02
8.774547903696379436e-02
8.430657764926971498e-02
9.210546788791842965e-02
8.522631786440332258e-02
9.295849617118592811e-02
9.437118416450722413e-02
9.470511822140299796e-02
8.962367681110697260e-02
8.273038430149136369e-02
-1.000000000000000000e+00
9.053437127778779514e-02
-1.000000000000000000e+00
-1.000000000000000000e+00
8.839397003464780078e-02
-1.000000000000000000e+00
9.752264609726864208e-02
8.439351036460800148e-02
9.124498545039957942e-02
1.006875678648803674e-01
1.137537162736957791e-01
1.032009985344464892e-01
-1.000000000000000000e+00
-1.000000000000000000e+00
1.121930371651002345e-01
1.202138674086136172e-01
1.260947216682201666e-01
1.157214054959073563e-01
1.381667757322435630e-01
1.277317689319515115e-01
1.389027032265482409e-01
1.228127554741503674e-01
1.438508645494900318e-01
1.446325491775238559e-01
1.529109903135904835e-01
1.486322561466595082e-01
1.675844957961283854e-01
1.413860757120084799e-01
1.736568032711296727e-01
1.738917028828547429e-01
1.757170440369773823e-01
1.713924052283304356e-01
1.715366627157412227e-01
1.782656742616620105e-01
1.787621705070846778e-01
1.791814158737101148e-01
1.753186354368209687e-01
1.705738560403154414e-01
1.721395174074168422e-01
1.653620257125149873e-01
1.888127358233222808e-01
1.663647475542754384e-01
-1.000000000000000000e+00
1.669719370459869234e-01
1.594873029638650963e-01
6.712197058383199966e-02
1.682827212537662820e-01
1.595468760879919234e-01
1.587021055847650242e-01
1.658939984273200274e-01
1.643209085079315179e-01
1.672257813597099740e-01
1.608294750520207761e-01
-1.000000000000000000e+00
1.617100931301688194e-01
1.535839559450468128e-01
-1.000000000000000000e+00
-1.000000000000000000e+00
-1.000000000000000000e+00
-1.000000000000000000e+00
-1.000000000000000000e+00
-1.000000000000000000e+00
-1.000000000000000000e+00
-1.000000000000000000e+00
-1.000000000000000000e+00
-1.000000000000000000e+00
-1.000000000000000000e+00
-1.000000000000000000e+00
-1.000000000000000000e+00
-1.000000000000000000e+00
-1.000000000000000000e+00
-1.000000000000000000e+00
-1.000000000000000000e+00
-1.000000000000000000e+00
-1.000000000000000000e+00
-1.000000000000000000e+00
-1.000000000000000000e+00
-1.000000000000000000e+00
-1.000000000000000000e+00
-1.000000000000000000e+00
-1.000000000000000000e+00
-1.000000000000000000e+00
-1.000000000000000000e+00
-1.000000000000000000e+00
-1.000000000000000000e+00
-1.000000000000000000e+00
-1.000000000000000000e+00
-1.000000000000000000e+00
-1.000000000000000000e+00
-1.000000000000000000e+00
-1.000000000000000000e+00
-1.000000000000000000e+00
-1.000000000000000000e+00
-1.000000000000000000e+00
-1.000000000000000000e+00
-1.000000000000000000e+00
-1.000000000000000000e+00
-1.000000000000000000e+00
-1.000000000000000000e+00
-1.000000000000000000e+00
-1.000000000000000000e+00
-1.000000000000000000e+00
-1.000000000000000000e+00
-1.000000000000000000e+00
-1.000000000000000000e+00
-1.000000000000000000e+00
-1.000000000000000000e+00
-1.000000000000000000e+00
-1.000000000000000000e+00
-1.000000000000000000e+00
-1.000000000000000000e+00
-1.000000000000000000e+00
-1.000000000000000000e+00
-1.000000000000000000e+00
-1.000000000000000000e+00
-1.000000000000000000e+00
1.712445585859236619e-01
1.675289193807566190e-01
1.611918770437229254e-01
1.620716115510147104e-01
1.596111696890152865e-01
1.553012685300864393e-01
1.554159700889505835e-01
1.605823261963644499e-01
1.603026941101903247e-01
1.605068684118067524e-01
1.655733188821186808e-01
1.619838449026336502e-01
1.581105100081837134e-01
1.581535496410402253e-01
1.496882564780499525e-01
1.462193640068763234e-01
-1.000000000000000000e+00
-1.000000000000000000e+00
1.591649982787624873e-01
1.443159653401591414e-01
1.449580194849402481e-01
-1.000000000000000000e+00
-1.000000000000000000e+00
1.549350198135722723e-01
-1.000000000000000000e+00
-1.000000000000000000e+00
-1.000000000000000000e+00
-1.000000000000000000e+00
-1.000000000000000000e+00
-1.000000000000000000e+00
-1.000000000000000000e+00
-1.000000000000000000e+00
-1.000000000000000000e+00
-1.000000000000000000e+00
-1.000000000000000000e+00
-1.000000000000000000e+00
-1.000000000000000000e+00
-1.000000000000000000e+00
1.154533645522576868e-01
-1.000000000000000000e+00
-1.000000000000000000e+00
-1.000000000000000000e+00
-1.000000000000000000e+00
9.943294952860300129e-02
-1.000000000000000000e+00
-1.000000000000000000e+00
8.456022511845499856e-02
-1.000000000000000000e+00
-1.000000000000000000e+00
-1.000000000000000000e+00
8.033355744676110022e-02
-1.000000000000000000e+00
7.602761394941005835e-02
-1.000000000000000000e+00
8.055406558720899779e-02
8.508427633284766645e-02
7.914907074933388853e-02
1.007407212807778785e-01
8.624833919096383528e-02
8.757971621443182142e-02
7.902004478111690489e-02
8.664554853890595043e-02
8.595487541266634557e-02
7.116790554422844362e-02
8.653745612688658329e-02
-1.000000000000000000e+00
7.316961598841144332e-02
8.536061498667121827e-02
7.073949194905114479e-02
-1.000000000000000000e+00
7.216979368519657601e-02
-1.000000000000000000e+00
-1.000000000000000000e+00
-1.000000000000000000e+00
-1.000000000000000000e+00
-1.000000000000000000e+00
-1.000000000000000000e+00
-1.000000000000000000e+00
-1.000000000000000000e+00
-1.000000000000000000e+00
-1.000000000000000000e+00
-1.000000000000000000e+00
-1.000000000000000000e+00
-1.000000000000000000e+00
-1.000000000000000000e+00
-1.000000000000000000e+00
-1.000000000000000000e+00
8.761583901602731927e-02
4.905499679138929092e-02
5.894773303627930811e-02
7.496410176486544008e-02
7.161847307488761194e-02
-1.000000000000000000e+00
-1.000000000000000000e+00
-1.000000000000000000e+00
-1.000000000000000000e+00
-1.000000000000000000e+00
-1.000000000000000000e+00
-1.000000000000000000e+00
-1.000000000000000000e+00
-1.000000000000000000e+00
-1.000000000000000000e+00
1.202836912439483735e-01
-1.000000000000000000e+00
-1.000000000000000000e+00
-1.000000000000000000e+00
-1.000000000000000000e+00
-1.000000000000000000e+00
-1.000000000000000000e+00
-1.000000000000000000e+00
-1.000000000000000000e+00
-1.000000000000000000e+00
-1.000000000000000000e+00
-1.000000000000000000e+00
-1.000000000000000000e+00
-1.000000000000000000e+00
-1.000000000000000000e+00
-1.000000000000000000e+00
-1.000000000000000000e+00
-1.000000000000000000e+00
-1.000000000000000000e+00
-1.000000000000000000e+00
-1.000000000000000000e+00
-1.000000000000000000e+00
-1.000000000000000000e+00
9.827493091607299169e-02
9.472525692303723766e-02
7.260109723113823688e-02
-1.000000000000000000e+00
-1.000000000000000000e+00
6.160256356999029709e-02
-1.000000000000000000e+00
6.530329974080636979e-02
5.922308500814725540e-02
6.794176757025771618e-02
7.808829505485549716e-02
4.193811311227520211e-02
-1.000000000000000000e+00
3.736455682261438649e-02
-1.000000000000000000e+00
-1.000000000000000000e+00
-1.000000000000000000e+00
-1.000000000000000000e+00
-1.000000000000000000e+00
-1.000000000000000000e+00
-1.000000000000000000e+00
-1.000000000000000000e+00
2.441058344969954802e-02
1.108639425112184357e-01
-1.000000000000000000e+00
2.250279229008073784e-02
-1.000000000000000000e+00
1.181358802436376608e-02
6.890327682481833804e-02
-1.000000000000000000e+00
-1.000000000000000000e+00
-1.000000000000000000e+00
-1.000000000000000000e+00
-1.000000000000000000e+00
3.149645109979167662e-02
3.212613439144964417e-02
2.632420221697266347e-02
1.980066330851905018e-02
-1.000000000000000000e+00
-1.000000000000000000e+00
-1.000000000000000000e+00
3.295327438108765217e-02
-1.000000000000000000e+00
5.498805755638622172e-02
4.729540060372033200e-02
1.840949698425226738e-02
3.498752467854571169e-02
4.487354257736135554e-02
5.503188562167173059e-02
2.514815284700305104e-02
3.539787834183751036e-02
-1.000000000000000000e+00
1.897601632371640271e-02
2.920384933303876024e-02
2.879941136434235188e-02
3.127845788244652120e-02
3.840505101824755879e-02
3.240130243843084706e-02
4.369855913205476089e-02
3.829875905617019516e-02
4.822715966254324110e-02
3.190313723906108151e-02
4.066177737583812762e-02
3.249228959839622205e-02
6.819177341902837863e-02
4.536735441099495891e-02
5.055374330314553466e-02
6.336009416053856036e-02
5.621052509836985123e-02
-1.000000000000000000e+00
-1.000000000000000000e+00
7.485395363784945466e-02
4.789578400671517383e-02
4.971671921170706804e-02
-1.000000000000000000e+00
4.947141689529504366e-02
5.151235279604312461e-02
-1.000000000000000000e+00
-1.000000000000000000e+00
-1.000000000000000000e+00
-1.000000000000000000e+00
-1.000000000000000000e+00
-1.000000000000000000e+00
-1.000000000000000000e+00
-1.000000000000000000e+00
-1.000000000000000000e+00
-1.000000000000000000e+00
-1.000000000000000000e+00
-1.000000000000000000e+00
-1.000000000000000000e+00
-1.000000000000000000e+00
-1.000000000000000000e+00
-1.000000000000000000e+00
-1.000000000000000000e+00
-1.000000000000000000e+00
-1.000000000000000000e+00
-1.000000000000000000e+00
5.901632371796761839e-02
-1.000000000000000000e+00
-1.000000000000000000e+00
-1.000000000000000000e+00
-1.000000000000000000e+00
-1.000000000000000000e+00
-1.000000000000000000e+00
-1.000000000000000000e+00
-1.000000000000000000e+00
-1.000000000000000000e+00
-1.000000000000000000e+00
-1.000000000000000000e+00
-1.000000000000000000e+00
-1.000000000000000000e+00
-1.000000000000000000e+00
-1.000000000000000000e+00
-1.000000000000000000e+00
-1.000000000000000000e+00
-1.000000000000000000e+00
-1.000000000000000000e+00
-1.000000000000000000e+00
-1.000000000000000000e+00
-1.000000000000000000e+00
-1.000000000000000000e+00
7.808683595343955675e-02
-1.000000000000000000e+00
-1.000000000000000000e+00
-1.000000000000000000e+00
-1.000000000000000000e+00
-1.000000000000000000e+00
-1.000000000000000000e+00
-1.000000000000000000e+00
-1.000000000000000000e+00
8.485216398834524720e-02
6.577192357780892173e-02
-1.000000000000000000e+00
-1.000000000000000000e+00
-1.000000000000000000e+00
-1.000000000000000000e+00
-1.000000000000000000e+00
-1.000000000000000000e+00
-1.000000000000000000e+00
5.385472233407939679e-02
-1.000000000000000000e+00
-1.000000000000000000e+00
5.139392636174137247e-02
5.939201671678581707e-02
4.787218934263764297e-02
4.634481969460137185e-02
4.318806925116483453e-02
5.185528317970083956e-02
5.564926165720232576e-02
3.515745121345448254e-02
3.435835851379472755e-02
3.637955482749245795e-02
4.303609110833020446e-02
3.430569737809516934e-02
4.339654183326748654e-02
4.211240990026345749e-02
3.894013868669396472e-02
3.528287961375584786e-02
3.768225267865593642e-02
4.374746826353411583e-02
5.232608060803732586e-02
4.725402154292773771e-02
4.978498026494152656e-02
5.981995894694638882e-02
6.453061244367540306e-02
6.665916164154957191e-02
4.947676214570512904e-02
-1.000000000000000000e+00
-1.000000000000000000e+00
5.921256207948853711e-02
5.078805057670308931e-02
-1.000000000000000000e+00
-1.000000000000000000e+00
-1.000000000000000000e+00
-1.000000000000000000e+00
-1.000000000000000000e+00
-1.000000000000000000e+00
-1.000000000000000000e+00
-1.000000000000000000e+00
-1.000000000000000000e+00
-1.000000000000000000e+00
-1.000000000000000000e+00
-1.000000000000000000e+00
-1.000000000000000000e+00
-1.000000000000000000e+00
-1.000000000000000000e+00
-1.000000000000000000e+00
-1.000000000000000000e+00
-1.000000000000000000e+00
-1.000000000000000000e+00
-1.000000000000000000e+00
-1.000000000000000000e+00
-1.000000000000000000e+00
-1.000000000000000000e+00
-1.000000000000000000e+00
-1.000000000000000000e+00
7.480524347176253919e-02
-1.000000000000000000e+00
-1.000000000000000000e+00
4.061137588256874542e-02
6.757290129344736829e-02
8.855335713875844839e-02
5.258753695197431605e-02
9.147381984961298895e-02
5.076259571071620180e-02
8.259060303158896610e-02
5.982958425754457410e-02
8.632183292874169578e-02
-1.000000000000000000e+00
6.651395037456903081e-02
6.969183970266176753e-02
6.904229334876760271e-02
6.459653652052183004e-02
5.479226323791834552e-02
5.799143250448664938e-02
6.794527466759925360e-02
5.919157758779988038e-02
6.743008242619237536e-02
6.681952042682581805e-02
2.872332631083857057e-02
4.149310918724564284e-02
4.022632162864717836e-02
-1.000000000000000000e+00
7.865379135385280884e-02
5.183326901439896939e-02
5.782822456572069697e-02
3.258527920035299286e-02
5.277568405454560740e-02
5.341199360192130929e-02
3.824117714466866019e-02
4.163565296609165328e-02
5.854215856109029614e-02
2.631662679001453217e-02
4.942601748291401004e-02
5.473749401852397861e-02
4.560181562455949827e-02
4.284455129882436264e-02
3.093438485949708341e-02
5.417662186177790024e-02
4.988495046547726519e-02
3.512520264392150759e-02
4.094102738105852984e-02
3.603136183435563106e-02
4.202133211600656698e-02
4.065669745877575902e-02
3.736175178416246967e-02
6.524702399189812041e-02
6.494249837420452975e-02
6.822220522217781191e-02
6.483288710761389573e-02
6.278315222106443938e-02
5.541724314675303825e-02
-1.000000000000000000e+00
6.393346034919969445e-02
6.633512510157681119e-02
7.350750684633104715e-02
4.855030668073628819e-02
6.552898179671870493e-02
6.940249120571871655e-02
-1.000000000000000000e+00
5.848724737371685523e-02
6.208548828044553602e-02
4.359466905829861155e-02
5.221880945354630266e-02
5.173327331553766173e-02
5.342475790601080438e-02
-1.000000000000000000e+00
-1.000000000000000000e+00
-1.000000000000000000e+00
5.069461779857378086e-02
5.394809630910700482e-02
1.041394154808032851e-01
5.034094728361805660e-02
5.570858832657688692e-02
3.641275162927402886e-02
4.409263562332715186e-02
3.792813715897704052e-02
5.950105640090282144e-02
3.662141928194789786e-02
4.757283952734622096e-02
-1.000000000000000000e+00
3.434495854691368977e-02
2.817291976615803745e-02
4.623896444084698437e-02
5.008849937900554383e-02
3.866326050286478938e-02
6.610836022056032490e-02
-1.000000000000000000e+00
4.483721471773156192e-02
4.977852876469532339e-02
6.823124550228738816e-02
4.772291800095166542e-02
-1.000000000000000000e+00
5.968074856745903684e-02
7.176439803795225947e-02
5.823157089648052509e-02
6.202850110771686298e-02
6.324913656997442624e-02
6.797069564982398393e-02
6.728284359568582895e-02
6.619412005128123833e-02
6.293712243783117222e-02
7.403164535465246721e-02
7.372373910402967023e-02
7.650371680889925252e-02
8.922057072962531754e-02
1.017934726108829374e-01
9.766312659335413260e-02
1.109813712125203300e-01
1.278820534715610635e-01
1.116321387417202743e-01
1.127790652582571218e-01
1.174949893080298596e-01
1.322645789246237324e-01
1.210496224243544638e-01
1.304154417417791034e-01
1.298346034272354066e-01
1.429379509091273093e-01
1.376527287504997199e-01
1.520182236811632726e-01
-1.000000000000000000e+00
1.519414957932811727e-01
1.337665039883924323e-01
1.518907387074788506e-01
1.331372140673945659e-01
1.553143284052872775e-01
1.088883019086777648e-01
1.187831253738823034e-01
1.166055450991300146e-01
-1.000000000000000000e+00
1.124672257633650974e-01
1.198062916210703849e-01
1.089074223959862475e-01
1.453310065593840517e-01
-1.000000000000000000e+00
-1.000000000000000000e+00
1.600848668810893327e-01
-1.000000000000000000e+00
-1.000000000000000000e+00
-1.000000000000000000e+00
-1.000000000000000000e+00
-1.000000000000000000e+00
-1.000000000000000000e+00
-1.000000000000000000e+00
-1.000000000000000000e+00
-1.000000000000000000e+00
-1.000000000000000000e+00
-1.000000000000000000e+00
-1.000000000000000000e+00
-1.000000000000000000e+00
-1.000000000000000000e+00
-1.000000000000000000e+00
-1.000000000000000000e+00
-1.000000000000000000e+00
-1.000000000000000000e+00
-1.000000000000000000e+00
-1.000000000000000000e+00
-1.000000000000000000e+00
-1.000000000000000000e+00
-1.000000000000000000e+00
-1.000000000000000000e+00
-1.000000000000000000e+00
-1.000000000000000000e+00
-1.000000000000000000e+00
-1.000000000000000000e+00
-1.000000000000000000e+00
-1.000000000000000000e+00
-1.000000000000000000e+00
-1.000000000000000000e+00
-1.000000000000000000e+00
-1.000000000000000000e+00
-1.000000000000000000e+00
-1.000000000000000000e+00
-1.000000000000000000e+00
-1.000000000000000000e+00
-1.000000000000000000e+00
-1.000000000000000000e+00
-1.000000000000000000e+00
-1.000000000000000000e+00
-1.000000000000000000e+00
-1.000000000000000000e+00
-1.000000000000000000e+00
-1.000000000000000000e+00
-1.000000000000000000e+00
-1.000000000000000000e+00
-1.000000000000000000e+00
-1.000000000000000000e+00
-1.000000000000000000e+00
-1.000000000000000000e+00
-1.000000000000000000e+00
-1.000000000000000000e+00
-1.000000000000000000e+00
-1.000000000000000000e+00
-1.000000000000000000e+00
-1.000000000000000000e+00
-1.000000000000000000e+00
-1.000000000000000000e+00
-1.000000000000000000e+00
-1.000000000000000000e+00
-1.000000000000000000e+00
-1.000000000000000000e+00
-1.000000000000000000e+00
-1.000000000000000000e+00
-1.000000000000000000e+00
-1.000000000000000000e+00
1.958693047147944677e-01
-1.000000000000000000e+00
-1.000000000000000000e+00
1.863533713387846291e-01
1.620334822996012947e-01
1.927409677035409608e-01
1.406781196016604618e-01
1.756037674574087992e-01
1.589475714187015276e-01
1.447468074909556424e-01
1.472126828063687332e-01
1.371446248086285180e-01
1.300341592447714079e-01
1.357630436964530340e-01
1.338542856346516541e-01
1.418272855349461126e-01
1.195120446527374175e-01
1.398817386100695559e-01
1.310339073599456339e-01
1.189432092651799139e-01
-1.000000000000000000e+00
1.222872468474467123e-01
-1.000000000000000000e+00
-1.000000000000000000e+00
-1.000000000000000000e+00
1.202402096115055136e-01
-1.000000000000000000e+00
-1.000000000000000000e+00
1.018814541072646379e-01
-1.000000000000000000e+00
1.118210860276184909e-01
9.100177098814937748e-02
9.279356070560411396e-02
9.622451300265709440e-02
9.673681726699882855e-02
9.786778991921650517e-02
1.030364869505639713e-01
9.878852051345303475e-02
9.429107876795914112e-02
1.036154899591755635e-01
9.814051304029636213e-02
9.971140493119455550e-02
6.892411547686104478e-02
9.732848215186738761e-02
9.517058277974840830e-02
2.645533634328027794e-01
9.756690963049946541e-02
-1.000000000000000000e+00
1.011625952567434122e-01
9.754630693250386508e-02
1.097884364356158382e-01
-1.000000000000000000e+00
9.522859861793867009e-02
9.752728638144164686e-02
-1.000000000000000000e+00
1.031247166937450666e-01
9.950062728209349561e-02
6.955730302466923975e-02
-1.000000000000000000e+00
-1.000000000000000000e+00
7.266821316043825529e-02
-1.000000000000000000e+00
6.476835963607893709e-02
9.596002616140468511e-02
-1.000000000000000000e+00
6.751584129907410581e-02
8.615471448080871952e-02
-1.000000000000000000e+00
-1.000000000000000000e+00
-1.000000000000000000e+00
-1.000000000000000000e+00
-1.000000000000000000e+00
-1.000000000000000000e+00
5.453931199537210422e-02
5.853977879921726940e-02
9.411263258422163103e-02
4.956187401281345745e-02
5.635864574711330066e-02
-1.000000000000000000e+00
-1.000000000000000000e+00
-1.000000000000000000e+00
-1.000000000000000000e+00
-1.000000000000000000e+00
-1.000000000000000000e+00
-1.000000000000000000e+00
7.367213328410730788e-02
6.372126576802884801e-02
6.960591476246956455e-02
-1.000000000000000000e+00
-1.000000000000000000e+00
7.056959702481969965e-02
-1.000000000000000000e+00
7.100326892488270647e-02
7.259771954131637173e-02
-1.000000000000000000e+00
-1.000000000000000000e+00
-1.000000000000000000e+00
6.488470327045428587e-02
-1.000000000000000000e+00
-1.000000000000000000e+00
3.678994296466987085e-02
5.436912479089858058e-02
-1.000000000000000000e+00
-1.000000000000000000e+00
-1.000000000000000000e+00
5.803444977385557868e-02
6.047498296411428498e-02
-1.000000000000000000e+00
-1.000000000000000000e+00
7.228837218413244892e-02
4.830310493082565215e-02
-1.000000000000000000e+00
-1.000000000000000000e+00
4.812719123402035837e-02
5.707458919179192458e-02
7.689003845671242565e-02
5.588715778512972493e-02
4.157030228681028727e-02
-1.000000000000000000e+00
-1.000000000000000000e+00
4.131586233151911258e-02
8.602290162369187476e-02
-1.000000000000000000e+00
-1.000000000000000000e+00
4.725197448638673164e-02
4.941466885390137509e-02
-1.000000000000000000e+00
6.991932255059765677e-02
4.242718825358588602e-02
-1.000000000000000000e+00
4.158902359438762519e-02
8.559912045163510508e-02
-1.000000000000000000e+00
8.275955244877555850e-02
-1.000000000000000000e+00
8.244617900088976881e-02
-1.000000000000000000e+00
4.648229574173148859e-02
6.313494580235405607e-02
-1.000000000000000000e+00
8.168073832049273231e-02
6.305287099511669435e-02
5.583821128372902509e-02
-1.000000000000000000e+00
-1.000000000000000000e+00
5.635666689361031045e-02
6.713264299197632679e-02
5.812660065346442889e-02
6.480438986586908867e-02
6.667771697195697123e-02
8.603130548459779481e-02
5.686965642124475195e-02
-1.000000000000000000e+00
8.394386130621658837e-02
9.623931697378337868e-02
5.778734723058635142e-02
-1.000000000000000000e+00
6.319570796187921891e-02
6.161105536396162957e-02
-1.000000000000000000e+00
8.107064805531723206e-02
9.684026218163704902e-02
8.656134168509288518e-02
1.021173318560766319e-01
1.216574277987053365e-01
1.001536649551829222e-01
-1.000000000000000000e+00
1.110030340791390846e-01
-1.000000000000000000e+00
-1.000000000000000000e+00
1.038498651885996771e-01
9.789043771390928961e-02
7.120315875041552389e-02
7.739182367184851974e-02
1.276557703829899193e-01
1.191258217238046618e-01
7.520422461999072550e-02
-1.000000000000000000e+00
-1.000000000000000000e+00
1.061514057335019995e-01
6.059507277177018925e-02
1.071459194366084638e-01
7.489561712054455811e-02
7.928650980462220721e-02
1.100524308588969741e-01
8.912912187868216041e-02
6.571473097386390516e-02
9.161904197072327782e-02
1.013771619899755949e-01
1.040474881951312242e-01
9.049838475301073826e-02
8.573324654982615589e-02
8.255764538417884046e-02
6.860535260875784414e-02
6.676045723635050388e-02
8.718418922337493882e-02
2.943664736779644589e-02
7.837776857771538985e-02
5.316054355440499868e-02
5.021410751132905637e-02
4.587741406016106194e-02
-1.000000000000000000e+00
4.960445430126573380e-02
4.419869987325653754e-02
4.627032292673294300e-02
-1.000000000000000000e+00
6.569167645680647205e-02
5.038365458135149466e-02
5.386948836305899962e-02
5.729515714341450877e-02
4.822049187919854457e-02
4.888356538373572063e-02
5.867761298710796880e-02
5.934328068667606843e-02
-1.000000000000000000e+00
5.486070924724633507e-02
4.116977455591433466e-02
5.166872670254477051e-02
6.027540258246569943e-02
5.925750709892147611e-02
3.278797895493158754e-02
3.278303803611835876e-02
4.157656759373826172e-02
-1.000000000000000000e+00
4.302237108397936882e-02
-1.000000000000000000e+00
-1.000000000000000000e+00
4.420035220910763923e-02
-1.000000000000000000e+00
-1.000000000000000000e+00
-1.000000000000000000e+00
-1.000000000000000000e+00
-1.000000000000000000e+00
-1.000000000000000000e+00
-1.000000000000000000e+00
-1.000000000000000000e+00
-1.000000000000000000e+00
-1.000000000000000000e+00
-1.000000000000000000e+00
-1.000000000000000000e+00
-1.000000000000000000e+00
-1.000000000000000000e+00
-1.000000000000000000e+00
-1.000000000000000000e+00
-1.000000000000000000e+00
-1.000000000000000000e+00
-1.000000000000000000e+00
-1.000000000000000000e+00
-1.000000000000000000e+00
-1.000000000000000000e+00
-1.000000000000000000e+00
-1.000000000000000000e+00
-1.000000000000000000e+00
-1.000000000000000000e+00
-1.000000000000000000e+00
-1.000000000000000000e+00
-1.000000000000000000e+00
-1.000000000000000000e+00
-1.000000000000000000e+00
-1.000000000000000000e+00
-1.000000000000000000e+00
-1.000000000000000000e+00
-1.000000000000000000e+00
-1.000000000000000000e+00
-1.000000000000000000e+00
-1.000000000000000000e+00
-1.000000000000000000e+00
-1.000000000000000000e+00
-1.000000000000000000e+00
-1.000000000000000000e+00
-1.000000000000000000e+00
-1.000000000000000000e+00
-1.000000000000000000e+00
-1.000000000000000000e+00
-1.000000000000000000e+00
-1.000000000000000000e+00
-1.000000000000000000e+00
-1.000000000000000000e+00
-1.000000000000000000e+00
-1.000000000000000000e+00
-1.000000000000000000e+00
-1.000000000000000000e+00
-1.000000000000000000e+00
-1.000000000000000000e+00
-1.000000000000000000e+00
-1.000000000000000000e+00
-1.000000000000000000e+00
-1.000000000000000000e+00
-1.000000000000000000e+00
-1.000000000000000000e+00
