-1.050000000000000044e+00
-1.050000000000000044e+00
-1.050000000000000044e+00
-1.050000000000000044e+00
-1.050000000000000044e+00
-1.050000000000000044e+00
-1.050000000000000044e+00
-1.050000000000000044e+00
-1.050000000000000044e+00
-1.050000000000000044e+00
-1.050000000000000044e+00
-1.050000000000000044e+00
-1.050000000000000044e+00
-1.050000000000000044e+00
-1.050000000000000044e+00
-1.050000000000000044e+00
-1.050000000000000044e+00
-1.050000000000000044e+00
-1.050000000000000044e+00
-1.050000000000000044e+00
-1.050000000000000044e+00
-1.050000000000000044e+00
-1.050000000000000044e+00
-1.050000000000000044e+00
-1.050000000000000044e+00
-1.050000000000000044e+00
-1.050000000000000044e+00
-1.050000000000000044e+00
-1.050000000000000044e+00
-1.050000000000000044e+00
-1.050000000000000044e+00
-1.050000000000000044e+00
-1.050000000000000044e+00
-1.050000000000000044e+00
-1.050000000000000044e+00
-1.050000000000000044e+00
-1.050000000000000044e+00
-1.050000000000000044e+00
-1.050000000000000044e+00
-1.050000000000000044e+00
-1.050000000000000044e+00
-1.050000000000000044e+00
-1.050000000000000044e+00
-1.050000000000000044e+00
-1.050000000000000044e+00
-1.050000000000000044e+00
-1.050000000000000044e+00
-1.050000000000000044e+00
-1.050000000000000044e+00
-1.050000000000000044e+00
-1.050000000000000044e+00
-1.050000000000000044e+00
-1.050000000000000044e+00
-1.050000000000000044e+00
-1.050000000000000044e+00
-1.050000000000000044e+00
-1.050000000000000044e+00
-1.050000000000000044e+00
-1.050000000000000044e+00
-1.050000000000000044e+00
-1.050000000000000044e+00
-1.050000000000000044e+00
-1.050000000000000044e+00
-1.050000000000000044e+00
-1.050000000000000044e+00
-1.050000000000000044e+00
-1.050000000000000044e+00
-1.050000000000000044e+00
-1.050000000000000044e+00
-1.050000000000000044e+00
-1.050000000000000044e+00
-1.050000000000000044e+00
-1.050000000000000044e+00
-1.050000000000000044e+00
-1.050000000000000044e+00
-1.050000000000000044e+00
-1.050000000000000044e+00
-1.050000000000000044e+00
-1.050000000000000044e+00
-1.050000000000000044e+00
-1.050000000000000044e+00
-1.050000000000000044e+00
-1.050000000000000044e+00
-1.050000000000000044e+00
-1.050000000000000044e+00
-1.050000000000000044e+00
-1.050000000000000044e+00
-1.050000000000000044e+00
-1.050000000000000044e+00
-1.050000000000000044e+00
3.846365978529518725e-02
-1.050000000000000044e+00
-1.050000000000000044e+00
-1.050000000000000044e+00
3.200697124156556828e-02
4.234634244282575732e-02
-1.050000000000000044e+00
9.500592468388108225e-02
5.632267779350207115e-02
5.084177061228040140e-02
4.531354737136775862e-02
-1.050000000000000044e+00
4.907465565148993319e-02
6.061167603257419656e-02
6.733783213683133817e-02
3.884727006763766949e-02
5.372622632894832884e-02
4.131271592838775542e-02
7.295130210598403664e-02
5.935029282363380593e-02
5.151508774032689114e-02
7.984849691165035734e-02
6.297133214728299622e-02
5.130976691491154207e-02
5.900765802250648728e-02
7.113548248370946125e-02
8.884797357644561022e-02
6.553198490601176707e-02
9.086712322503985584e-02
8.097681364780669189e-02
8.179319733033817152e-02
1.316846524582512834e-01
-1.050000000000000044e+00
1.299580747127396518e-01
7.401967757597502362e-02
1.239587409252304040e-01
8.712258452414166354e-02
1.383492616841104361e-01
8.805131740078966929e-02
8.798341440078297215e-02
8.034747853373616633e-02
9.469581617244575422e-02
8.433156938253000279e-02
9.752137263148893953e-02
1.093276752923728889e-01
1.319608614935308677e-01
8.685572217063995681e-02
8.752411656385895855e-02
9.004171860004946126e-02
8.233169529122608132e-02
9.950399313948810054e-02
1.406389834318061693e-01
8.683334771504196137e-02
8.888784210603144220e-02
7.287074637104150321e-02
8.421146141188293188e-02
8.956120517573218365e-02
1.343150837699425004e-01
9.004953129812871826e-02
9.382126873826610036e-02
9.350296550331853307e-02
9.290538595789055165e-02
8.169378885064464135e-02
8.569905832007868041e-02
8.275164286278684223e-02
8.210917305818797585e-02
8.041365516000979763e-02
7.818879685971122373e-02
8.142642604896728475e-02
8.550382383453242197e-02
7.969867768133334640e-02
8.351790559549956972e-02
8.049871853164768110e-02
7.630589544549955250e-02
8.645484530391159272e-02
8.146476123016223314e-02
7.249284459972218930e-02
-1.050000000000000044e+00
7.860420202960591296e-02
7.614205601237020171e-02
-1.050000000000000044e+00
7.570674790711748314e-02
7.118925576362192253e-02
6.918936616439071152e-02
-1.050000000000000044e+00
6.678300991020073851e-02
-1.050000000000000044e+00
-1.050000000000000044e+00
-1.050000000000000044e+00
5.297331408549441067e-02
5.384683672412192423e-02
-1.050000000000000044e+00
-1.050000000000000044e+00
5.357329240302137474e-02
-1.050000000000000044e+00
1.318554306220411365e-01
4.450460663204659773e-02
-1.050000000000000044e+00
-1.050000000000000044e+00
-1.050000000000000044e+00
-1.050000000000000044e+00
-1.050000000000000044e+00
-1.050000000000000044e+00
-1.050000000000000044e+00
-1.050000000000000044e+00
-1.050000000000000044e+00
-1.050000000000000044e+00
-1.050000000000000044e+00
-1.050000000000000044e+00
-1.050000000000000044e+00
-1.050000000000000044e+00
-1.050000000000000044e+00
-1.050000000000000044e+00
-1.050000000000000044e+00
-1.050000000000000044e+00
-1.050000000000000044e+00
-1.050000000000000044e+00
-1.050000000000000044e+00
-1.050000000000000044e+00
-1.050000000000000044e+00
-1.050000000000000044e+00
-1.050000000000000044e+00
-1.050000000000000044e+00
-1.050000000000000044e+00
-1.050000000000000044e+00
-1.050000000000000044e+00
-1.050000000000000044e+00
-1.050000000000000044e+00
-1.050000000000000044e+00
-1.050000000000000044e+00
-1.050000000000000044e+00
-1.050000000000000044e+00
-1.050000000000000044e+00
4.911332371816500009e-02
-1.050000000000000044e+00
3.623666682504553260e-02
-1.050000000000000044e+00
-1.050000000000000044e+00
6.224368196423878813e-02
-1.050000000000000044e+00
-1.050000000000000044e+00
4.617007008832273163e-02
5.400982472762720643e-02
-1.050000000000000044e+00
5.713383185497791089e-02
-1.050000000000000044e+00
7.539627399940725117e-02
-1.050000000000000044e+00
6.524095520480631405e-02
-1.050000000000000044e+00
6.232896860672166445e-02
-1.050000000000000044e+00
7.002714276589488973e-02
-1.050000000000000044e+00
8.526506998301361384e-02
8.707718075123981050e-02
7.828743445986861837e-02
-1.050000000000000044e+00
7.893119936984392682e-02
6.015191163925877327e-02
5.565877286083924930e-02
5.093900550367567309e-02
2.050104348227856921e-01
9.551116943251292124e-02
8.418010007220300128e-02
6.479766699056004053e-02
9.476209244924034547e-02
8.215110153131806314e-02
1.157487469734657798e-01
9.873053014030801211e-02
5.767926344809147510e-02
3.067486205025964779e-02
9.681985229434557361e-02
1.405228776765518606e-01
1.442225242421582843e-01
1.190982606201324984e-01
1.437434569108461679e-01
1.327905157952999071e-01
1.633423730652092121e-01
1.468166283945314399e-01
1.473575207955109545e-01
9.477489897553241505e-02
1.040045374853583726e-01
1.094008580606225661e-01
1.006947081351978329e-01
7.279082085410729097e-02
1.121125121652858797e-01
8.758826099265348830e-02
1.081220875598090658e-01
9.749232263994582481e-02
1.065322805973952375e-01
1.053248653515190952e-01
7.815664869916685853e-02
8.038067640570294159e-02
9.718303339663150742e-02
1.025844289895818523e-01
8.675412592905482057e-02
9.708688460142900212e-02
9.214669218273077722e-02
8.613992046288661275e-02
9.195429852645287117e-02
8.798548877451824179e-02
8.110912316231293218e-02
7.673209210814949111e-02
7.293751973847217851e-02
7.112672142557371902e-02
6.864906170806493735e-02
6.321529434898445765e-02
7.104001867378696711e-02
7.159736887862103161e-02
1.922378616889196257e-01
6.542273971791630338e-02
-1.050000000000000044e+00
6.300136612876770792e-02
-1.050000000000000044e+00
-1.050000000000000044e+00
-1.050000000000000044e+00
5.600739205692253225e-02
5.477524352404770924e-02
5.480544494740899331e-02
-1.050000000000000044e+00
5.752696321495277126e-02
-1.050000000000000044e+00
4.919359162148775888e-02
-1.050000000000000044e+00
-1.050000000000000044e+00
-1.050000000000000044e+00
-1.050000000000000044e+00
-1.050000000000000044e+00
-1.050000000000000044e+00
-1.050000000000000044e+00
-1.050000000000000044e+00
-1.050000000000000044e+00
-1.050000000000000044e+00
-1.050000000000000044e+00
-1.050000000000000044e+00
-1.050000000000000044e+00
-1.050000000000000044e+00
-1.050000000000000044e+00
-1.050000000000000044e+00
-1.050000000000000044e+00
-1.050000000000000044e+00
-1.050000000000000044e+00
7.994985084692558808e-02
-1.050000000000000044e+00
-1.050000000000000044e+00
-1.050000000000000044e+00
-1.050000000000000044e+00
3.242881944829176938e-02
3.032311086568368480e-02
-1.050000000000000044e+00
-1.050000000000000044e+00
3.769528445224329394e-02
-1.050000000000000044e+00
-1.050000000000000044e+00
4.004759398709142881e-02
1.002697337118005350e-01
5.239009938726980897e-02
-1.050000000000000044e+00
-1.050000000000000044e+00
4.324625427764604291e-02
4.454385861822062614e-02
4.756043907576547325e-02
3.950682104721577742e-02
4.832056352380878494e-02
4.552394188957996357e-02
4.886591913525924202e-02
4.882219473756602840e-02
5.090390594523715867e-02
4.993259892615919265e-02
5.253869912369352191e-02
3.978349810254502156e-02
5.221627040539625342e-02
3.860704284387525553e-02
3.842238443089385919e-02
4.079082097107823018e-02
3.843701812522259953e-02
4.068519844434484445e-02
4.237136008840763218e-02
3.756690923310340713e-02
3.739873770247877094e-02
3.939175721029227611e-02
3.926582168581584792e-02
4.200656254777444809e-02
3.967454601333965380e-02
4.155246331841784546e-02
3.985006704396309996e-02
3.626709221271693512e-02
3.779294227726019695e-02
4.488170130441042349e-02
4.105997520324396882e-02
4.284406647517455952e-02
4.062827818039187883e-02
4.036831714634150220e-02
3.819952879757164410e-02
4.029516021104275619e-02
4.503064164621320420e-02
4.275901401602901636e-02
4.358884826185244199e-02
4.556322124021411346e-02
4.853826115590750140e-02
4.309709499923500969e-02
3.483260202873333933e-02
4.314249544208955539e-02
3.324855740632296636e-02
4.119811964050848485e-02
3.178026552047884951e-02
3.436754150779271905e-02
2.247898127011879396e-02
2.585985217459201360e-02
2.257178902016540242e-02
2.168398268862379089e-02
2.345319086741078432e-02
2.616124250964969172e-02
2.033869454299716203e-02
1.703916416747345772e-02
3.245258993109903511e-02
4.024890463725885881e-02
3.676841160552704602e-02
4.360552522588439367e-02
4.856783665466845451e-02
3.459318440973638970e-02
3.382025254528096825e-02
3.287284625599491000e-02
3.243541045962856223e-02
3.571774096103368101e-02
2.754782216827299235e-02
3.230846581811613882e-02
4.590932507750764002e-02
2.539832406497859185e-02
4.693978831956664710e-02
5.042785290043103053e-02
4.424206366327021467e-02
4.310014122513964457e-02
3.679739985270004399e-02
4.769925114850114278e-01
3.924109594534176682e-02
4.161080558866297324e-02
4.207136686786522306e-02
4.557503930739536385e-02
4.913719882891274399e-02
4.842731566494011541e-02
4.373195653401030364e-02
4.670192717984346376e-02
4.072784459112131772e-02
4.748169217441424589e-02
4.045334372366142517e-02
3.896030207781264049e-02
4.410091366115171524e-02
3.798636538925339451e-02
3.790449732583698328e-01
4.223194860169350584e-02
4.711434343968421562e-02
5.226596890213401625e-02
4.792545318714760277e-02
4.281282570238091612e-02
6.504804040277950561e-02
4.208680290643285887e-02
4.275949734195614443e-02
4.324569930933419570e-02
5.218937931381080475e-02
5.682854852744313734e-02
6.387685970305724548e-02
4.271132401349768404e-02
9.938736173288903464e-02
4.476610856425441293e-02
5.455327556818154178e-02
5.357224194731335931e-02
5.783797198037635146e-02
5.275933214090196277e-02
4.882706099857678922e-02
4.376317975557275641e-02
5.122302168617472867e-02
6.107813569782270108e-02
4.943275317131080177e-02
5.242560794400401292e-02
4.986955877581829288e-02
5.736897476218968256e-02
4.768198036610522828e-02
5.199410681729934453e-02
5.299621144873564726e-02
5.072025940504617386e-02
4.958857189406708221e-02
4.771282835752411328e-02
4.088450889590215798e-02
3.603912261104004477e-02
4.601465625891419664e-02
3.481981022114492147e-02
4.419488667334602744e-02
3.972387384201623434e-02
3.461019827624251671e-02
3.676852132094753783e-02
4.678429672746772100e-02
3.601720635490048700e-02
4.877197279461598783e-02
4.717304736532388493e-02
5.065852177986544802e-02
4.025732886540677596e-02
3.703043629255223929e-02
3.712070462290460726e-02
3.929239103702680813e-02
5.345847549446028357e-02
3.610953531687595419e-02
3.260602128921537279e-02
4.218393217529846362e-02
4.667714761044014504e-02
4.889531457979349321e-02
5.688691422411472354e-02
3.988806786797557957e-02
4.692894168349138334e-02
4.432596917973407463e-02
4.980768873266200325e-02
4.236582690944665913e-02
5.908202239003864514e-02
6.766880871699880451e-02
7.191363496019924362e-02
7.008751808126177651e-02
7.304148581844670252e-02
7.467518630281055891e-02
1.117106137284916284e-01
8.648685372565236007e-02
1.225461927370968401e-01
9.919883189983960681e-02
5.659181883556861636e-02
6.251335024403363583e-02
7.054676291416563105e-02
-1.050000000000000044e+00
-1.050000000000000044e+00
6.915150518384247103e-02
-1.050000000000000044e+00
6.879561515383428305e-02
-1.050000000000000044e+00
-1.050000000000000044e+00
-1.050000000000000044e+00
-1.050000000000000044e+00
-1.050000000000000044e+00
-1.050000000000000044e+00
-1.050000000000000044e+00
-1.050000000000000044e+00
-1.050000000000000044e+00
-1.050000000000000044e+00
-1.050000000000000044e+00
-1.050000000000000044e+00
-1.050000000000000044e+00
-1.050000000000000044e+00
-1.050000000000000044e+00
-1.050000000000000044e+00
-1.050000000000000044e+00
-1.050000000000000044e+00
-1.050000000000000044e+00
-1.050000000000000044e+00
-1.050000000000000044e+00
-1.050000000000000044e+00
-1.050000000000000044e+00
-1.050000000000000044e+00
-1.050000000000000044e+00
-1.050000000000000044e+00
-1.050000000000000044e+00
-1.050000000000000044e+00
-1.050000000000000044e+00
-1.050000000000000044e+00
-1.050000000000000044e+00
-1.050000000000000044e+00
-1.050000000000000044e+00
-1.050000000000000044e+00
-1.050000000000000044e+00
-1.050000000000000044e+00
-1.050000000000000044e+00
-1.050000000000000044e+00
-1.050000000000000044e+00
3.993683617066783043e-02
-1.050000000000000044e+00
-1.050000000000000044e+00
4.124574007732364350e-02
-1.050000000000000044e+00
5.056922006645680340e-02
3.442017326806533911e-02
-1.050000000000000044e+00
-1.050000000000000044e+00
-1.050000000000000044e+00
-1.050000000000000044e+00
-1.050000000000000044e+00
-1.050000000000000044e+00
3.380887970021073663e-02
3.558252759848515995e-02
2.648756323186587588e-02
2.450151461130214980e-02
3.130798065379931938e-02
2.331591282425580711e-02
2.937346808615760516e-02
3.948420404868774325e-02
-1.050000000000000044e+00
5.711473955371001998e-02
3.682041128993256834e-02
6.968016210735028526e-02
6.257912795264745920e-02
5.143737391317358687e-02
5.211539371780419400e-02
5.722009921657830733e-02
4.560870720936406608e-02
6.032906441788749019e-02
5.421458432118120979e-02
5.129161337705402668e-02
7.600960588257056616e-02
7.148008194538467419e-02
7.225844660026903288e-02
9.544737019835970726e-02
7.218921428816134356e-02
6.700631251191176141e-02
7.608746327445274626e-02
7.020697021179388153e-02
7.590081193989030306e-02
8.231918460646356350e-02
9.194945103159986310e-02
7.478555213540015456e-02
8.132831376440831372e-02
8.984183757358546463e-02
9.138274099555214469e-02
8.463587811065047262e-02
8.293379900277281225e-02
1.001595065661599615e-01
8.424052571614942808e-02
7.544583149398953470e-02
9.603304740700145670e-02
7.452832546158595639e-02
7.383291924328647116e-02
8.202490042884048871e-02
8.145090636449836552e-02
8.946545064426555949e-02
8.536613484085778247e-02
7.889011280293867223e-02
9.317282140253170530e-02
8.550286172045204469e-02
8.154990395674750758e-02
7.036180214796151910e-02
7.951455198475226860e-02
5.159984211957861777e-02
9.100680805572530785e-02
8.196527660385198588e-02
5.318191085000067292e-02
6.358384505471212367e-02
1.111315530793500622e-01
7.670609517855250803e-02
7.575776455186133962e-02
-1.050000000000000044e+00
-1.050000000000000044e+00
-1.050000000000000044e+00
8.018199498641125078e-02
-1.050000000000000044e+00
7.114521296771875170e-02
5.789931118699018220e-02
6.079335973929625436e-02
-1.050000000000000044e+00
4.028726492183771352e-02
-1.050000000000000044e+00
-1.050000000000000044e+00
-1.050000000000000044e+00
-1.050000000000000044e+00
-1.050000000000000044e+00
-1.050000000000000044e+00
-1.050000000000000044e+00
-1.050000000000000044e+00
-1.050000000000000044e+00
-1.050000000000000044e+00
-1.050000000000000044e+00
-1.050000000000000044e+00
-1.050000000000000044e+00
-1.050000000000000044e+00
-1.050000000000000044e+00
-1.050000000000000044e+00
-1.050000000000000044e+00
-1.050000000000000044e+00
-1.050000000000000044e+00
-1.050000000000000044e+00
-1.050000000000000044e+00
-1.050000000000000044e+00
-1.050000000000000044e+00
-1.050000000000000044e+00
-1.050000000000000044e+00
-1.050000000000000044e+00
-1.050000000000000044e+00
-1.050000000000000044e+00
-1.050000000000000044e+00
-1.050000000000000044e+00
-1.050000000000000044e+00
-1.050000000000000044e+00
-1.050000000000000044e+00
-1.050000000000000044e+00
-1.050000000000000044e+00
-1.050000000000000044e+00
-1.050000000000000044e+00
-1.050000000000000044e+00
-1.050000000000000044e+00
2.283452353409469449e-02
2.754098513795325345e-02
3.025000973546411454e-02
-1.050000000000000044e+00
-1.050000000000000044e+00
-1.050000000000000044e+00
-1.050000000000000044e+00
-1.050000000000000044e+00
-1.050000000000000044e+00
-1.050000000000000044e+00
3.623108960875068979e-02
-1.050000000000000044e+00
-1.050000000000000044e+00
-1.050000000000000044e+00
-1.050000000000000044e+00
3.327955205906121816e-02
4.246866670141043881e-02
3.661704431925746211e-02
-1.050000000000000044e+00
3.274234524880721697e-02
-1.050000000000000044e+00
2.637595838255019781e-02
-1.050000000000000044e+00
2.419635370342864550e-02
-1.050000000000000044e+00
2.521699808283130520e-02
2.506703174432950779e-02
-1.050000000000000044e+00
1.752830601622182294e-02
-1.050000000000000044e+00
-1.050000000000000044e+00
3.092186748830609566e-02
1.851130065466168040e-02
2.522893876704813271e-02
1.475748222909725911e-02
2.016589593410059514e-02
1.656030819259435641e-02
1.577407772735501743e-02
-1.050000000000000044e+00
1.710171266021046424e-02
-1.050000000000000044e+00
2.147894026096070288e-02
-1.050000000000000044e+00
-1.050000000000000044e+00
1.574751876447952337e-02
1.430720963320474687e-02
1.686737831225999448e-02
1.797685973392308331e-02
1.810105111432311342e-02
1.559350919674526437e-02
1.248426221575276232e-02
1.566046772664118555e-02
-1.050000000000000044e+00
-1.050000000000000044e+00
1.473038261985176213e-02
-1.050000000000000044e+00
2.162599462940574188e-02
1.637419400504466771e-02
-1.050000000000000044e+00
2.012489506532540856e-02
-1.050000000000000044e+00
1.743111499474440593e-02
1.912352941170160706e-02
-1.050000000000000044e+00
2.381110525154419774e-02
2.094103608925413154e-02
-1.050000000000000044e+00
2.545148148671697724e-02
1.708582158264738624e-02
1.710121763897739025e-02
2.049995422846553200e-02
2.037532394328103388e-02
2.694118564645319180e-01
2.161412632987410459e-02
2.502066912868657761e-02
2.282888290826455210e-02
2.427824561406094483e-02
-1.050000000000000044e+00
1.744464494590592524e-02
2.375204658470382243e-02
1.890141387929851480e-02
1.642261645342431645e-02
-1.050000000000000044e+00
1.529954122518110970e-02
1.532375365064712197e-02
2.067986710817141041e-02
1.362203899097134789e-02
1.523455750131822058e-02
1.015088267198720716e-02
-1.050000000000000044e+00
1.359315619702195985e-02
1.303756638193751330e-02
1.515687299122187547e-02
1.533735889159833221e-02
1.659238539887974984e-02
1.168375636171582570e-02
1.210941716755819381e-02
1.318075874191930799e-02
1.107592198514263659e-02
1.326121453439004297e-02
7.489031387481096848e-03
-1.050000000000000044e+00
5.786402902131896481e-03
1.172398227936681005e-02
1.448956955191248348e-02
9.953985351674564733e-03
-1.050000000000000044e+00
-1.050000000000000044e+00
-1.050000000000000044e+00
-1.050000000000000044e+00
8.841861227777629562e-03
-1.050000000000000044e+00
-1.050000000000000044e+00
-1.050000000000000044e+00
1.255558838501280583e-02
4.839683845749781846e-03
-1.050000000000000044e+00
-1.050000000000000044e+00
9.368726018474809319e-03
-1.050000000000000044e+00
-1.050000000000000044e+00
-1.050000000000000044e+00
-1.050000000000000044e+00
-1.050000000000000044e+00
-1.050000000000000044e+00
-1.050000000000000044e+00
-1.050000000000000044e+00
-1.050000000000000044e+00
-1.050000000000000044e+00
1.427456520601651929e-02
-1.050000000000000044e+00
1.296505693119942224e-02
-1.050000000000000044e+00
-1.050000000000000044e+00
-1.050000000000000044e+00
-1.050000000000000044e+00
-1.050000000000000044e+00
1.448330786042239735e-02
-1.050000000000000044e+00
-1.050000000000000044e+00
1.990440857054885659e-02
-1.050000000000000044e+00
-1.050000000000000044e+00
-1.050000000000000044e+00
-1.050000000000000044e+00
-1.050000000000000044e+00
-1.050000000000000044e+00
-1.050000000000000044e+00
-1.050000000000000044e+00
-1.050000000000000044e+00
-1.050000000000000044e+00
-1.050000000000000044e+00
-1.050000000000000044e+00
-1.050000000000000044e+00
-1.050000000000000044e+00
1.848269043121482033e-02
-1.050000000000000044e+00
1.633164608094810760e-02
-1.050000000000000044e+00
2.620908668002681907e-02
-1.050000000000000044e+00
-1.050000000000000044e+00
-1.050000000000000044e+00
-1.050000000000000044e+00
-1.050000000000000044e+00
-1.050000000000000044e+00
-1.050000000000000044e+00
2.462847555281615086e-02
-1.050000000000000044e+00
-1.050000000000000044e+00
2.287912193384395235e-02
-1.050000000000000044e+00
-1.050000000000000044e+00
-1.050000000000000044e+00
-1.050000000000000044e+00
-1.050000000000000044e+00
-1.050000000000000044e+00
-1.050000000000000044e+00
-1.050000000000000044e+00
-1.050000000000000044e+00
-1.050000000000000044e+00
-1.050000000000000044e+00
-1.050000000000000044e+00
-1.050000000000000044e+00
-1.050000000000000044e+00
-1.050000000000000044e+00
-1.050000000000000044e+00
-1.050000000000000044e+00
-1.050000000000000044e+00
-1.050000000000000044e+00
2.281068339092707370e-02
-1.050000000000000044e+00
-1.050000000000000044e+00
-1.050000000000000044e+00
-1.050000000000000044e+00
-1.050000000000000044e+00
2.308863917587303596e-02
1.949957159292700290e-02
-1.050000000000000044e+00
2.349740470192236003e-02
2.647017228694099195e-02
-1.050000000000000044e+00
-1.050000000000000044e+00
-1.050000000000000044e+00
-1.050000000000000044e+00
-1.050000000000000044e+00
2.351724605128235890e-02
-1.050000000000000044e+00
-1.050000000000000044e+00
-1.050000000000000044e+00
-1.050000000000000044e+00
-1.050000000000000044e+00
-1.050000000000000044e+00
2.693889911252374258e-02
2.260832071475283450e-02
-1.050000000000000044e+00
2.402839783878317828e-02
2.353081075480354875e-02
-1.050000000000000044e+00
2.205005056395717075e-02
2.171874511168180380e-02
2.329129433197234256e-02
-1.050000000000000044e+00
-1.050000000000000044e+00
2.450629739691382800e-02
2.386248357780290652e-02
-1.050000000000000044e+00
-1.050000000000000044e+00
2.925433589132691442e-02
2.742550552769388444e-02
2.629585933330436803e-02
2.431835400743823442e-02
2.208858436423586161e-02
2.504367885217641601e-02
2.287663537000854050e-02
2.264703419599448098e-02
-1.050000000000000044e+00
2.606225587507350616e-02
2.572810343271662512e-02
2.435888762746542952e-02
4.570146748382369201e-02
2.721549260737013420e-02
2.496732825025854696e-02
-1.050000000000000044e+00
2.615742431982317692e-02
2.596367054491614118e-02
2.745729442203466084e-02
2.781120782519373377e-02
2.536336475931141865e-02
-1.050000000000000044e+00
2.639166637483107355e-02
2.740605418986551134e-02
2.615227792375333232e-02
2.486118926497449255e-02
2.455192634601042340e-02
2.751197817490354247e-02
2.661109399491544056e-02
-1.050000000000000044e+00
2.724321721617019992e-02
2.703759901289348733e-02
2.907963818341921872e-02
2.746827683270279888e-02
2.882119446811159946e-02
3.141450661451254678e-02
3.173653321871947042e-02
3.541172580145980631e-02
-1.050000000000000044e+00
3.361474557516785922e-02
3.557572461450256990e-02
4.016686266509414405e-02
-1.050000000000000044e+00
6.991313104409706269e-02
-1.050000000000000044e+00
3.429084211899019463e-02
-1.050000000000000044e+00
2.963592031892769638e-02
3.743659908908933409e-02
3.809792859956249306e-02
3.660550186471514533e-02
3.845244841341654424e-02
3.782269714713464015e-02
3.888418708793038581e-02
-1.050000000000000044e+00
4.147613494237950560e-02
4.412296695421753095e-02
4.654277961861945367e-02
4.251963201939375908e-02
4.281525278339529117e-02
4.486248237008148843e-02
4.299721798076911600e-02
4.089227520367452740e-02
4.220428305128560292e-02
-1.050000000000000044e+00
-1.050000000000000044e+00
-1.050000000000000044e+00
4.303770139046104309e-02
4.051463172624431702e-02
-1.050000000000000044e+00
4.111074621393852324e-02
4.160707799854863193e-02
3.150887989468008354e-02
3.147845342550392722e-02
2.425076293047418591e-02
3.019340319225282190e-02
3.004007899716914717e-02
3.272571206089207319e-02
3.041158301695838159e-02
3.142399863902380075e-02
2.993256528985538401e-02
3.225282706331979860e-02
3.213615599414997026e-02
3.372884019764513241e-02
-1.050000000000000044e+00
3.072146325389086413e-02
3.684980652182516525e-02
3.510579597163882709e-02
3.323215290132550820e-02
-1.050000000000000044e+00
